distance_ticks,count
0,61540
1,6922
2,5163
3,5147
4,3959
5,3718
6,4043
7,2918
8,2942
9,1929
10,2143
11,1340
12,1347
13,1647
14,1337
15,2162
16,1168
17,1174
18,1293
19,1989
20,2445
21,2411
22,1742
23,1708
24,2334
25,1936
26,1703
27,1664
28,1524
29,1293
30,1334
31,1101
32,971
33,920
34,897
35,883
36,825
37,749
38,697
39,566
40,663
41,602
42,575
43,453
44,454
45,434
46,350
47,373
48,370
49,309
50,302
51,278
52,253
53,213
54,215
55,186
56,161
57,182
58,159
59,139
60,136
61,114
62,104
63,113
64,103
65,97
66,88
67,79
68,82
69,77
70,81
71,77
72,45
73,74
74,55
75,60
76,63
77,39
78,43
79,43
80,44
81,36
82,33
83,30
84,38
85,27
86,34
87,22
88,39
89,36
90,26
91,30
92,34
93,25
94,27
95,18
96,23
97,19
98,25
99,15
100,10
101,19
102,28
103,16
104,23
105,19
106,21
107,15
108,21
109,19
110,18
111,18
112,25
113,12
114,12
115,13
116,17
117,24
118,20
119,23
120,14
121,18
122,13
123,12
124,10
125,10
126,9
127,10
128,6
129,8
130,9
131,5
132,11
133,11
134,6
135,8
136,10
137,11
138,12
139,5
140,10
141,11
142,6
143,7
144,11
145,8
146,7
147,5
148,4
149,6
150,12
151,7
152,10
153,3
154,8
155,7
156,7
157,6
158,3
159,5
160,4
161,7
162,5
163,5
164,7
165,4
166,2
167,7
168,5
169,9
170,3
171,8
172,5
173,3
174,4
175,6
176,4
177,2
178,2
179,3
180,3
181,3
182,1
183,5
184,6
185,4
186,3
187,3
188,6
189,3
190,1
191,2
192,2
193,6
194,1
195,4
196,3
197,4
198,1
199,1
200,10
201,3
202,3
203,3
204,2
205,2
206,5
207,4
208,3
209,2
210,8
211,5
212,5
213,4
214,5
215,1
216,3
217,4
218,1
219,5
220,3
221,3
223,5
224,2
225,3
226,4
227,3
228,5
229,4
230,5
231,4
232,6
233,9
234,2
235,3
236,4
237,7
238,4
239,5
240,9
241,2
242,8
243,5
244,8
245,6
246,2
247,1
248,8
249,3
250,3
251,3
252,6
253,4
254,5
255,5
256,2
257,2
258,5
259,4
260,3
261,5
262,2
263,2
264,5
265,2
266,4
268,3
269,3
270,8
271,5
272,4
273,4
274,3
275,7
276,2
277,1
278,2
279,6
280,5
281,4
282,1
283,3
284,2
285,4
287,3
288,2
289,1
290,2
291,3
292,3
293,1
295,1
296,1
297,3
298,7
299,3
302,4
303,1
304,1
305,3
306,3
307,1
308,4
309,2
310,7
311,4
312,3
313,3
314,1
316,4
318,3
321,1
322,3
323,2
324,2
325,2
326,3
327,3
328,2
329,3
330,5
331,4
332,7
333,5
334,5
335,6
336,8
337,1
338,7
339,12
340,16
341,21
342,31
343,64
344,108
345,169
346,294
347,500
348,766
349,739
350,1053
351,1420
352,656
353,599
354,615
355,648
356,539
357,440
358,425
359,454
360,806
361,1460
362,1704
363,1556
364,991
365,476
366,446
367,541
368,288
369,324
370,307
371,363
372,368
373,212
374,91
375,75
376,39
377,30
378,26
379,24
380,14
381,13
382,14
383,6
384,4
387,2
388,2
389,1
390,8
391,6
393,1
394,3
395,4
396,8
397,6
398,4
399,9
400,8
401,12
402,19
403,34
404,45
405,129
406,426
407,688
408,733
409,1025
410,535
411,175
412,81
413,60
414,36
415,18
416,10
417,7
418,3
419,3
421,2
422,10
423,3
424,2
426,2
427,3
429,3
431,1
432,2
434,2
436,1
437,3
438,2
439,2
442,2
445,1
446,1
447,1
448,3
452,2
454,2
455,2
456,2
457,1
458,4
459,3
460,1
462,3
463,3
464,3
465,1
467,5
468,2
470,1
471,4
472,3
473,1
474,3
475,3
476,1
477,3
478,1
479,1
480,1
482,1
483,3
484,2
485,3
486,1
487,3
488,2
489,2
490,3
491,2
492,6
493,1
496,2
498,3
499,2
500,2
501,1
502,1
503,1
504,1
507,1
508,8
511,1
513,1
514,1
519,1
520,2
521,3
522,4
523,1
525,3
527,1
528,2
529,1
531,3
532,1
533,1
535,1
536,3
537,2
540,1
541,1
542,1
543,2
544,2
545,2
546,1
547,1
548,3
550,3
551,1
553,3
554,1
555,1
558,1
559,3
562,2
563,1
565,1
566,1
567,1
568,2
569,1
570,1
571,10
572,2
573,3
574,1
575,1
576,10
577,7
578,5
579,1
580,2
581,6
582,3
583,2
584,1
585,3
587,1
588,4
589,2
590,3
591,2
592,5
593,3
594,2
595,1
598,1
599,3
600,4
601,1
602,1
603,2
604,3
605,2
606,4
607,1
608,3
610,7
611,3
612,5
613,1
614,1
615,5
616,1
617,1
618,1
619,2
620,2
621,1
622,8
623,1
624,1
625,2
627,2
629,1
630,1
631,3
634,2
635,1
636,2
637,2
639,1
640,14
641,1
644,1
645,3
646,1
647,1
651,2
653,4
654,3
656,1
658,3
659,1
661,3
662,1
663,1
664,1
665,2
666,1
667,1
668,1
670,3
671,1
672,1
674,1
675,1
677,3
680,1
681,1
682,3
683,1
684,1
687,1
688,2
689,1
690,1
692,2
693,1
695,1
698,6
699,1
700,4
704,3
706,2
707,2
708,1
710,4
711,3
712,1
714,2
715,2
719,1
720,1
721,2
722,3
725,4
726,1
728,2
729,1
730,4
735,3
736,2
737,2
740,4
742,2
743,2
745,3
746,2
747,1
750,3
751,1
752,2
753,2
756,2
759,9
760,1
763,1
764,3
765,2
766,17
767,3
769,1
771,1
773,1
774,1
775,5
778,1
779,1
780,1
781,1
784,3
785,5
786,1
787,3
788,2
789,1
791,1
793,2
794,2
795,1
797,2
798,2
799,2
802,2
805,3
808,4
809,1
810,6
811,2
816,2
817,3
818,2
820,1
822,2
826,1
829,5
830,1
837,2
838,5
840,5
841,2
844,2
845,1
848,1
850,2
851,1
852,1
854,2
855,6
856,1
860,3
862,2
863,1
864,1
865,1
866,5
868,1
874,1
877,1
878,1
880,1
882,4
883,2
887,1
888,1
890,1
893,1
894,2
899,4
902,2
905,2
906,1
908,4
909,1
910,4
913,1
914,1
919,1
920,3
923,2
925,1
926,1
927,1
930,1
932,2
933,1
934,2
935,36
937,1
939,1
941,2
943,37
944,2
948,1
949,1
950,1
952,1
954,2
955,53
958,1
959,37
960,3
961,2
963,4
966,8
967,1
972,1
973,2
974,38
975,1
977,3
979,2
982,16
984,1
985,1
987,1
990,2
991,1
992,36
993,1
996,1
998,1
999,1
1002,2
1005,1
1007,2
1008,1
1009,1
1010,4
1013,1
1014,2
1015,4
1016,2
1017,4
1018,2
1019,1
1020,2
1021,3
1022,9
1023,10
1024,6
1025,10
1026,13
1027,5
1028,9
1029,10
1030,9
1031,14
1032,12
1033,26
1034,26
1035,31
1036,59
1037,101
1038,74
1039,77
1040,91
1041,150
1042,201
1043,196
1044,227
1045,291
1046,304
1047,260
1048,276
1049,326
1050,258
1051,199
1052,174
1053,163
1054,215
1055,222
1056,226
1057,161
1058,103
1059,62
1060,63
1061,37
1062,20
1063,13
1064,8
1065,4
1066,2
1068,1
1069,1
1070,1
1073,1
1074,1
1075,1
1076,3
1077,1
1078,2
1079,1
1080,2
1081,2
1082,7
1084,2
1086,2
1091,1
1092,37
1096,1
1099,1
1101,1
1104,1
1105,3
1106,2
1107,1
1108,1
1109,1
1110,1
1112,37
1116,1
1117,1
1118,2
1122,37
1123,1
1124,1
1125,2
1129,1
1130,1
1132,2
1133,2
1136,1
1137,1
1140,15
1145,1
1152,1
1155,5
1156,1
1158,1
1162,1
1166,6
1167,1
1169,1
1172,1
1177,1
1181,1
1182,3
1190,1
1194,1
1195,2
1197,1
1210,3
1212,1
1232,1
1235,1
1240,1
1241,1
1243,2
1248,1
1255,3
1256,1
1260,2
1266,11
1267,1
1270,1
1271,1
1277,1
1278,1
1281,1
1282,3
1302,1
1303,1
1305,1
1308,1
1310,9
1315,1
1316,1
1318,1
1319,2
1331,1
1332,1
1333,1
1339,1
1341,4
1342,1
1349,1
1350,1
1352,1
1355,2
1362,1
1366,2
1375,1
1381,1
1382,1
1385,1
1386,2
1390,1
1391,1
1403,1
1410,4
1411,1
1416,1
1424,1
1426,1
1427,1
1428,1
1434,2
1435,2
1440,5
1441,1
1442,1
1445,1
1455,17
1459,1
1461,1
1466,4
1472,1
1477,1
1482,11
1502,1
1505,2
1510,3
1511,1
1513,1
1517,1
1518,1
1520,1
1526,1
1529,1
1530,1
1533,1
1534,1
1541,1
1545,1
1553,2
1555,8
1562,1
1566,2
1580,1
1582,1
1584,1
1585,1
1589,1
1593,1
1595,1
1596,1
1599,1
1605,1
1610,5
1619,1
1628,1
1633,1
1634,1
1635,2
1636,1
1637,2
1639,2
1640,11
1641,3
1645,2
1655,12
1658,1
1660,3
1663,1
1665,1
1670,1
1675,1
1676,2
1681,2
1682,2
1683,1
1685,1
1689,2
1695,1
1698,2
1700,1
1703,1
1705,6
1706,1
1710,7
1716,1
1720,1
1726,1
1729,1
1730,2
1734,2
1735,1
1740,2
1741,2
1743,1
1747,1
1750,1
1752,2
1755,19
1756,2
1763,1
1766,9
1767,1
1771,1
1775,2
1782,4
1785,1
1799,1
1800,3
1802,1
1805,3
1808,1
1809,1
1810,14
1811,1
1817,1
1819,1
1820,1
1825,1
1829,1
1830,2
1832,1
1833,1
1834,1
1836,1
1840,2
1841,8
1844,1
1846,1
1849,1
1850,1
1851,1
1852,1
1855,16
1860,1
1861,1
1866,3
1867,1
1881,1
1886,1
1890,1
1895,1
1897,1
1905,2
1909,1
1910,2
1919,2
1920,1
1925,1
1926,2
1930,1
1932,1
1935,1
1940,1
1941,2
1942,1
1943,1
1945,1
1950,2
1954,3
1955,56
1956,1
1960,2
1965,2
1966,2
1977,1
1982,6
1983,1
1984,1
1991,2
1992,1
1996,1
1999,1
2004,1
2010,5
2016,1
2018,1
2022,1
2026,3
2027,3
2028,1
2029,2
2030,1
2034,2
2035,1
2040,3
2041,2
2044,1
2055,1
2066,2
2067,1
2074,1
2077,1
2078,1
2079,32
2080,1
2081,1
2082,5
2086,1
2090,1
2097,1
2098,1
2102,1
2103,1
2104,1
2105,1
2109,1
2110,5
2119,3
2120,2
2123,1
2125,1
2126,3
2132,1
2133,1
2134,3
2136,1
2140,7
2141,1
2145,1
2149,1
2151,1
2154,2
2155,14
2162,1
2163,2
2164,1
2170,1
2178,1
2182,1
2183,1
2192,1
2199,1
2200,1
2201,1
2205,1
2210,4
2214,1
2215,1
2219,6
2224,1
2228,1
2230,1
2232,1
2236,1
2238,1
2240,6
2248,1
2255,8
2256,2
2264,1
2266,4
2275,1
2282,1
2287,1
2290,1
2305,1
2309,1
2310,8
2313,1
2319,1
2320,1
2321,1
2330,1
2331,1
2335,1
2338,2
2339,12
2340,5
2341,6
2345,2
2346,1
2349,2
2354,6
2355,5
2366,2
2369,4
2370,1
2371,1
2373,1
2382,3
2383,1
2390,11
2395,1
2397,1
2405,1
2406,1
2410,5
2415,2
2418,1
2419,4
2420,1
2422,1
2424,1
2426,1
2430,2
2431,1
2440,2
2446,15
2450,1
2453,2
2455,19
2463,1
2466,1
2467,2
2469,3
2470,1
2471,4
2472,3
2473,5
2474,2
2475,10
2476,16
2477,1
2478,2
2479,1
2482,15
2483,3
2485,1
2487,1
2490,1
2491,1
2494,1
2496,1
2505,1
2507,1
2508,1
2510,3
2516,1
2519,2
2521,2
2526,1
2534,1
2535,2
2538,2
2540,4
2545,3
2546,1
2548,1
2555,5
2557,1
2559,1
2560,5
2566,4
2569,1
2576,2
2580,1
2582,14
2589,1
2590,2
2591,1
2594,1
2605,1
2607,1
2609,2
2610,7
2611,1
2614,1
2615,1
2617,1
2619,1
2625,1
2628,2
2630,2
2632,2
2640,15
2641,1
2642,1
2643,1
2645,1
2655,4
2657,1
2661,2
2663,1
2665,1
2680,1
2682,8
2684,1
2685,1
2687,1
2695,1
2699,1
2700,1
2710,9
2721,1
2726,2
2727,2
2733,1
2734,1
2740,2
2741,3
2743,1
2745,1
2746,1
2755,2
2757,1
2760,1
2772,1
2773,2
2774,1
2778,2
2779,7
2782,5
2784,3
2785,1
2786,1
2787,3
2788,2
2789,1
2790,3
2791,1
2794,1
2795,2
2798,1
2800,26
2801,1
2802,24
2803,1
2804,3
2808,1
2809,2
2810,27
2815,2
2816,1
2820,2
2826,1
2828,3
2834,2
2838,1
2840,2
2844,3
2847,1
2848,1
2853,4
2854,14
2855,4
2860,1
2879,2
2882,9
2885,4
2890,5
2893,1
2900,1
2904,1
2905,3
2906,1
2907,1
2910,1
2911,1
2919,1
2922,1
2925,1
2926,4
2929,2
2931,1
2934,1
2935,1
2937,1
2940,3
2941,1
2943,1
2945,1
2949,1
2950,1
2955,16
2966,1
2972,3
2982,14
2983,2
2985,2
2988,1
3000,1
3010,9
3012,1
3026,1
3029,1
3032,2
3034,3
3035,1
3040,3
3045,3
3049,1
3050,1
3054,5
3055,3
3056,1
3058,1
3067,1
3082,1
3086,5
3095,1
3098,1
3110,3
3113,1
3115,1
3118,1
3122,1
3126,1
3127,1
3134,1
3140,11
3146,1
3154,1
3155,3
3163,1
3165,1
3166,2
3167,1
3168,1
3179,1
3185,1
3186,6
3187,1
3193,1
3194,1
3210,3
3214,1
3219,4
3220,1
3226,1
3227,1
3228,1
3230,2
3235,2
3236,1
3239,1
3240,6
3242,1
3244,1
3252,1
3255,1
3260,1
3263,1
3271,2
3279,6
3280,1
3285,1
3286,4
3288,1
3290,1
3296,1
3304,1
3309,2
3310,13
3312,1
3315,1
3328,1
3329,1
3330,1
3337,1
3340,5
3344,1
3354,2
3356,1
3361,1
3370,1
3375,2
3385,3
3386,5
3389,1
3390,1
3395,2
3398,1
3406,1
3409,2
3418,1
3419,3
3425,1
3426,2
3429,1
3431,1
3435,1
3440,6
3443,1
3453,1
3454,1
3455,1
3457,1
3463,1
3466,1
3468,1
3471,1
3481,2
3483,1
3485,1
3486,19
3498,1
3514,1
3517,1
3523,1
3525,2
3526,2
3528,1
3529,1
3530,1
3534,1
3535,1
3536,1
3540,5
3543,4
3555,2
3556,1
3559,1
3568,1
3580,1
3585,2
3586,9
3600,1
3603,1
3605,1
3610,3
3612,1
3615,1
3618,1
3626,2
3629,1
3631,1
3632,1
3634,2
3636,1
3639,2
3640,30
3641,3
3643,1
3645,1
3648,1
3652,1
3654,2
3655,2
3685,1
3686,8
3688,1
3692,1
3693,1
3700,1
3701,1
3711,1
3726,3
3735,1
3736,1
3738,1
3740,5
3745,1
3752,1
3755,1
3760,1
3764,1
3766,1
3768,1
3771,1
3773,1
3776,1
3779,2
3780,1
3784,1
3785,2
3786,4
3787,1
3794,1
3799,1
3800,1
3804,1
3809,1
3810,21
3815,2
3819,1
3826,3
3829,1
3831,1
3833,1
3834,1
3838,1
3840,7
3841,1
3843,1
3854,8
3860,1
3866,1
3873,1
3874,1
3878,1
3881,1
3885,3
3886,9
3910,1
3915,1
3919,1
3926,1
3934,1
3940,4
3943,1
3951,1
3955,5
3961,1
3964,1
3980,1
3986,22
3987,1
3988,1
3991,1
4002,1
4015,1
4021,1
4024,1
4034,1
4040,3
4051,1
4069,1
4085,3
4086,16
4108,1
4111,1
4115,1
4126,1
4134,1
4136,2
4139,1
4140,7
4143,2
4176,2
4181,1
4185,2
4186,21
4188,1
4196,1
4209,1
4226,1
4229,1
4240,2
4257,1
4279,1
4286,7
4303,1
4309,1
4310,5
4315,1
4338,1
4340,3
4354,3
4361,1
4385,1
4386,4
4390,1
4405,1
4406,1
4407,1
4422,1
4436,1
4438,1
4439,1
4440,3
4443,2
4451,1
4461,1
4474,1
4484,1
4485,1
4486,2
4492,1
4501,1
4508,1
4515,1
4519,1
4521,3
4526,1
4536,1
4540,2
4543,1
4552,1
4555,1
4563,1
4586,5
4589,2
4590,1
4618,1
4630,1
4633,2
4634,1
4640,11
4641,2
4643,1
4652,1
4654,1
4660,1
4671,1
4686,5
4722,1
4724,1
4730,1
4740,6
4745,1
4754,1
4755,1
4779,2
4786,1
4794,1
4795,1
4810,3
4815,3
4818,1
4839,1
4840,1
4844,1
4852,1
4861,1
4864,1
4884,1
4885,1
4886,1
4917,1
4919,1
4940,1
4951,1
4955,2
4966,1
4974,1
4975,1
4986,5
5007,2
5019,1
5021,2
5026,1
5031,1
5055,1
5062,1
5086,7
5088,1
5115,1
5140,1
5185,1
5187,1
5240,2
5255,1
5286,4
5293,1
5310,1
5315,1
5317,1
5340,1
5354,1
5361,1
5373,1
5385,1
5386,1
5429,1
5455,1
5486,2
5506,1
5540,1
5543,1
5573,1
5585,1
5629,1
5639,1
5640,2
5712,1
5723,1
5725,1
5736,1
5740,1
5779,2
5786,1
5810,3
5818,1
5842,1
5854,2
5885,3
5889,1
5904,1
5920,1
5929,2
5933,1
5950,2
5963,1
5986,3
6034,1
6040,1
6055,1
6078,1
6089,1
6126,1
6140,2
6146,1
6195,1
6240,1
6309,1
6315,1
6340,1
6385,1
6400,1
6404,1
6412,1
6429,1
6434,1
6435,1
6443,1
6455,1
6511,1
6536,1
6540,1
6543,1
6558,1
6585,1
6602,1
6626,1
6629,1
6640,2
6655,1
6698,1
6710,1
6729,1
6760,1
6779,2
6786,1
6805,1
6810,5
6854,1
6861,1
6883,1
6884,1
6885,1
6895,1
6915,1
6929,1
6933,1
6955,1
6986,1
7086,1
7138,2
7186,1
7310,1
7385,1
7438,1
7556,1
7588,1
7630,1
7660,1
7704,1
7728,1
7855,1
7894,1
7955,1
8187,1
8285,1
8329,1
8390,1
8440,1
8443,1
8540,1
8586,1
8640,1
8691,1
8779,1
8784,1
8810,2
8854,1
8886,1
8936,1
8986,1
9085,1
9086,1
9163,1
9310,1
9415,1
9588,1
9632,1
9733,1
9758,1
9885,1
9894,1
9929,1
9938,1
10010,1
10099,1
10290,1
10689,1
10725,1
10740,1
10779,1
10810,2
10854,1
10860,1
10904,1
10935,1
10979,1
11155,1
11220,1
11230,1
11385,1
11429,1
11454,1
11518,1
11555,1
11562,1
11579,1
11611,1
11709,1
11710,2
11753,1
11754,2
11755,1
11774,1
11776,1
11778,1
11785,1
11786,1
11805,1
11807,1
11855,2
11926,1
11955,1
11991,1
12012,1
12015,1
12148,1
12213,1
12426,1
12596,2
12740,1
12815,1
12823,1
12886,1
12940,1
13086,1
13286,1
13361,1
13386,1
13396,1
13440,1
13540,2
13726,1
13875,1
13885,1
13886,1
13896,1
13935,1
