distance_ticks,count
0,28924
1,4032
2,1627
3,1460
4,1416
5,1192
6,1248
7,1130
8,940
9,967
10,883
11,644
12,653
13,627
14,608
15,957
16,473
17,497
18,347
19,496
20,393
21,626
22,362
23,268
24,277
25,270
26,277
27,238
28,182
29,149
30,158
31,129
32,139
33,117
34,117
35,133
36,146
37,118
38,107
39,90
40,93
41,95
42,90
43,69
44,79
45,84
46,77
47,59
48,77
49,75
50,75
51,94
52,88
53,71
54,100
55,131
56,130
57,112
58,92
59,74
60,81
61,64
62,62
63,69
64,244
65,146
66,145
67,126
68,160
69,140
70,154
71,177
72,177
73,184
74,211
75,220
76,214
77,234
78,230
79,291
80,267
81,307
82,360
83,395
84,295
85,260
86,207
87,153
88,127
89,118
90,104
91,109
92,95
93,91
94,122
95,125
96,149
97,136
98,170
99,205
100,205
101,241
102,239
103,248
104,249
105,212
106,236
107,276
108,327
109,332
110,284
111,253
112,238
113,215
114,226
115,226
116,205
117,197
118,207
119,176
120,153
121,142
122,145
123,153
124,145
125,125
126,132
127,117
128,129
129,108
130,92
131,77
132,95
133,87
134,59
135,56
136,77
137,67
138,72
139,55
140,50
141,48
142,60
143,34
144,39
145,49
146,44
147,29
148,35
149,25
150,68
151,47
152,28
153,31
154,40
155,44
156,57
157,88
158,119
159,229
160,264
161,143
162,88
163,56
164,63
165,71
166,53
167,62
168,66
169,55
170,42
171,43
172,36
173,21
174,34
175,34
176,34
177,35
178,29
179,26
180,33
181,25
182,20
183,22
184,18
185,9
186,7
187,16
188,9
189,6
190,11
191,5
192,9
193,11
194,17
195,7
196,18
197,12
198,8
199,11
200,8
201,3
202,6
203,9
204,14
205,7
206,4
207,10
208,4
209,12
210,12
211,9
212,7
213,11
214,5
215,5
216,8
217,8
218,5
219,6
220,6
221,6
222,7
223,6
224,3
225,5
226,11
227,19
228,24
229,33
230,18
231,18
232,16
233,13
234,10
235,6
236,8
237,13
238,3
239,6
240,7
241,3
242,7
243,8
244,5
245,7
246,2
247,3
248,8
250,8
251,11
252,6
253,10
254,7
255,9
256,8
257,11
258,9
259,2
260,3
261,6
262,22
263,16
264,5
265,9
266,7
267,5
268,7
269,5
270,3
271,6
272,8
273,13
274,8
275,9
276,10
277,4
278,5
279,8
280,7
281,4
282,6
283,5
284,7
285,6
286,4
288,3
289,1
290,2
291,3
292,5
293,4
294,5
295,3
296,2
297,2
298,2
299,4
300,7
301,5
302,6
303,2
304,5
305,2
306,2
307,2
308,5
309,6
310,5
311,2
312,2
314,2
315,10
316,9
317,5
318,3
319,3
320,5
321,2
322,6
323,4
324,8
325,6
326,3
327,10
328,4
329,2
330,5
331,7
332,8
333,6
334,10
335,11
336,19
337,22
338,7
339,29
340,18
341,22
342,28
343,27
344,20
345,25
346,44
347,51
348,62
349,85
350,142
351,282
352,247
353,203
354,207
355,216
356,321
357,407
358,354
359,515
360,293
361,137
362,188
363,96
364,122
365,67
366,90
367,62
368,37
369,56
370,22
371,22
372,20
373,18
374,14
375,20
376,26
377,33
378,31
379,36
380,26
381,54
382,56
383,70
384,94
385,218
386,247
387,362
388,502
389,683
390,557
391,353
392,349
393,450
394,585
395,565
396,510
397,451
398,272
399,213
400,176
401,124
402,113
403,108
404,142
405,174
406,213
407,272
408,309
409,303
410,354
411,348
412,333
413,262
414,209
415,133
416,119
417,105
418,106
419,68
420,57
421,27
422,30
423,19
424,25
425,16
426,10
427,20
428,17
429,21
430,3
431,7
432,5
433,9
434,5
435,7
436,4
437,7
438,21
439,3
440,10
441,8
442,8
443,3
444,5
445,1
446,3
447,2
448,3
449,2
450,1
451,3
452,2
454,1
455,3
456,3
457,7
458,5
459,2
460,2
463,2
464,3
465,2
466,3
467,2
468,5
469,5
470,3
471,3
472,3
473,2
474,1
475,2
476,3
477,1
481,3
484,1
485,3
487,3
488,3
489,1
490,2
493,1
496,1
497,2
498,3
499,6
500,4
503,1
505,1
506,2
507,2
508,1
513,1
514,2
517,1
520,1
522,1
523,1
524,3
525,6
526,5
527,3
529,1
530,1
532,1
535,1
536,2
538,1
539,1
540,1
541,1
542,1
543,1
544,2
545,2
547,5
548,6
549,4
550,2
551,1
552,1
553,3
557,4
559,2
560,2
561,1
562,2
565,2
567,2
568,1
569,8
570,1
571,1
572,1
574,1
576,5
578,1
582,2
584,2
585,1
586,2
589,1
590,2
592,1
593,4
594,1
595,2
596,1
599,1
600,1
601,2
602,1
603,2
607,1
608,2
609,7
610,4
611,2
612,1
613,2
615,1
618,2
620,1
624,1
629,3
630,1
633,2
634,1
638,1
639,1
640,1
641,1
642,1
643,1
647,2
649,1
650,3
651,1
652,2
653,1
655,2
656,2
657,3
660,3
661,4
662,1
665,1
667,1
669,1
670,1
673,1
674,2
675,1
676,2
678,1
684,1
685,1
690,1
691,1
693,2
695,1
697,1
699,1
700,4
701,1
702,1
704,2
705,2
706,2
708,2
709,1
710,1
712,1
713,1
718,3
719,1
722,2
723,3
728,3
729,1
730,1
734,2
740,1
742,1
745,1
746,2
748,1
749,1
750,1
752,1
756,2
757,1
762,1
764,1
767,4
769,1
770,1
771,4
772,1
773,2
775,1
776,3
777,3
778,2
779,2
781,2
782,2
783,4
784,5
786,1
787,1
788,8
789,4
790,1
791,4
793,3
794,2
795,1
797,1
798,2
799,2
800,2
801,1
802,1
803,2
804,1
805,1
806,2
807,1
808,1
809,1
810,2
811,1
813,3
814,1
815,1
816,1
817,3
818,1
819,3
822,1
823,1
827,3
829,1
830,2
831,5
832,1
833,1
837,1
841,1
844,1
845,3
847,1
848,2
849,2
854,1
856,1
857,3
858,3
859,1
864,2
866,1
875,1
878,2
880,3
882,1
883,1
896,1
897,2
898,1
900,5
902,5
903,1
904,4
905,3
906,3
909,2
910,2
915,8
916,2
922,1
923,6
924,4
925,6
926,1
927,3
928,1
929,2
930,1
931,3
933,1
934,1
935,1
936,3
937,1
939,1
941,4
943,2
944,2
945,6
950,2
952,1
953,1
954,3
955,4
956,3
965,3
967,3
972,3
973,2
974,1
980,1
985,1
988,1
990,2
991,1
993,2
995,3
996,1
1001,1
1003,3
1004,1
1005,1
1008,1
1013,1
1020,3
1021,1
1031,1
1041,1
1045,2
1048,1
1050,2
1057,1
1058,1
1059,1
1070,1
1072,1
1085,1
1087,1
1090,1
1091,1
1094,1
1096,1
1107,1
1108,1
1121,4
1124,1
1126,1
1129,1
1132,1
1135,1
1137,1
1141,1
1147,1
1148,4
1150,4
1152,1
1154,2
1157,1
1162,1
1164,1
1165,4
1168,2
1169,4
1170,1
1172,2
1173,1
1174,3
1175,11
1176,2
1177,3
1178,3
1179,3
1180,4
1181,2
1182,15
1183,4
1184,1
1185,1
1188,2
1189,1
1190,5
1191,2
1192,1
1193,1
1197,4
1198,1
1199,4
1200,3
1203,2
1204,1
1205,3
1206,1
1207,3
1208,1
1209,1
1211,2
1212,4
1213,1
1214,3
1215,1
1218,3
1219,2
1220,1
1221,3
1222,2
1223,3
1224,3
1225,5
1226,4
1227,5
1228,3
1229,4
1230,3
1231,4
1232,9
1233,1
1234,6
1235,9
1236,12
1237,26
1238,50
1239,68
1240,77
1241,55
1242,47
1243,52
1244,80
1245,82
1246,77
1247,84
1248,82
1249,80
1250,63
1251,106
1252,106
1253,184
1254,278
1255,293
1256,223
1257,222
1258,187
1259,140
1260,128
1261,113
1262,70
1263,77
1264,53
1265,47
1266,72
1267,39
1268,37
1269,22
1270,20
1271,28
1272,22
1273,40
1274,8
1275,17
1276,17
1277,6
1278,6
1279,13
1280,4
1281,5
1282,3
1283,6
1285,2
1286,1
1287,3
1288,2
1289,3
1293,4
1294,1
1295,1
1297,7
1300,1
1301,11
1302,2
1305,1
1306,1
1307,3
1310,1
1314,2
1320,1
1322,1
1324,3
1331,2
1338,1
1341,2
1344,1
1345,3
1346,3
1349,1
1350,3
1351,1
1352,3
1356,1
1357,1
1358,1
1365,3
1386,4
1391,1
1394,1
1440,1
1494,1
1510,1
1525,1
1530,1
1536,1
1541,3
1563,1
1573,1
1574,1
1581,1
1585,1
1593,1
1600,1
1642,1
1650,2
1658,3
1670,1
1681,1
1687,1
1693,1
1697,1
1699,1
1707,1
1710,2
1735,1
1739,1
1741,6
1745,1
1748,2
1750,1
1771,1
1773,2
1790,1
1791,1
1800,1
1801,1
1810,1
1813,1
1814,3
1815,1
1817,4
1818,1
1820,1
1821,2
1822,3
1823,1
1825,2
1828,1
1829,2
1830,1
1833,1
1834,1
1838,2
1840,2
1841,2
1843,1
1845,2
1847,1
1848,2
1849,1
1850,2
1851,2
1852,1
1853,2
1854,3
1855,4
1856,6
1857,3
1858,4
1859,5
1860,4
1861,4
1862,4
1863,4
1864,5
1865,9
1866,4
1867,2
1868,1
1869,6
1870,1
1871,5
1872,3
1873,5
1874,3
1875,2
1876,1
1877,4
1878,2
1879,2
1880,2
1881,1
1882,1
1883,3
1885,1
1887,3
1888,3
1889,2
1891,2
1892,3
1894,1
1898,2
1899,1
1907,1
1917,1
1919,1
1923,1
1924,1
1936,1
1941,1
1955,2
1967,1
1975,1
1980,1
1997,1
2004,1
2006,1
2046,1
2048,1
2064,1
2096,1
2102,1
2150,2
2155,2
2180,1
2196,1
2225,1
2241,2
2248,8
2257,1
2264,1
2294,1
2350,1
2411,1
2431,1
2541,1
2566,1
2636,3
2637,11
2638,3
2640,1
2641,1
2740,2
2741,2
2831,1
2848,1
2874,1
2933,3
2941,1
2980,3
2989,1
3004,1
3028,3
3041,1
3052,1
3075,1
3100,1
3124,1
3171,1
3205,3
3212,3
3216,1
3242,20
3258,1
3270,1
3276,7
3278,25
3280,1
3281,1
3286,3
3301,6
3303,2
3306,5
3314,8
3330,25
3339,1
3340,3
3343,4
3344,2
3345,4
3346,2
3347,10
3351,2
3352,1
3354,1
3357,2
3391,8
3392,1
3409,1
3410,3
3431,25
3469,1
3487,2
3531,2
3598,34
3623,3
3629,33
3648,1
3650,1
3656,1
3680,1
3690,34
3691,1
3732,2
3740,34
3748,1
3820,35
3998,2
4040,27
4100,3
4101,1
4145,3
4179,1
4241,1
4248,8
4271,1
4441,2
4541,1
4607,1
4621,33
4676,33
4691,3
4692,1
4778,1
5100,3
5201,1
5248,1
5691,2
5882,1
6248,7
6628,1
6771,1
7000,2
7100,2
7200,1
7691,2
27841,1
1388451,1
1389041,1
19986400,1
