quantity,count
1,500
2,196
3,191
4,112
5,193
6,127
7,99
8,109
9,129
10,539
11,158
12,128
13,145
14,305
15,412
16,185
17,229
18,215
19,166
20,1267
21,191
22,220
23,181
24,147
25,223
26,194
27,217
28,1072
29,330
30,458
31,371
32,437
33,242
34,269
35,247
36,251
37,154
38,158
39,180
40,644
41,99
42,109
43,95
44,178
45,138
46,95
47,141
48,173
49,171
50,806
51,105
52,143
53,164
54,113
55,105
56,179
57,134
58,175
59,151
60,151
61,67
62,144
63,128
64,120
65,76
66,72
67,93
68,115
69,62
70,66
71,98
72,119
73,49
74,101
75,163
76,52
77,108
78,96
79,73
80,209
81,157
82,101
83,107
84,69
85,54
86,96
87,122
88,77
89,102
90,124
91,478
92,123
93,1460
94,103
95,209
96,133
97,89
98,219
99,121
100,408908
101,394
102,17
103,32
104,26
105,23
106,7
107,13
108,57
109,26
110,44
111,57
112,119
113,44
114,71
115,49
116,302
117,69
118,40
119,69
120,33
121,42
122,72
123,30
124,29
125,39
126,41
127,61
128,5
129,13
130,44
131,54
132,14
133,26
134,15
135,33
136,14
137,17
138,17
139,18
140,36
141,14
142,11
143,61
144,41
145,42
146,34
147,17
148,20
149,51
150,305
151,37
152,29
153,24
154,35
155,22
156,38
157,15
158,41
159,57
160,49
161,32
162,59
163,30
164,24
165,38
166,49
167,12
168,48
169,39
170,65
171,102
172,86
173,33
174,33
175,51
176,50
177,38
178,41
179,34
180,40
181,37
182,18
183,33
184,45
185,26
186,30
187,27
188,29
189,16
190,42
191,23
192,38
193,15
194,25
195,30
196,45
197,46
198,31
199,19
200,47954
201,16
202,15
203,17
204,13
205,26
206,27
207,33
208,26
209,15
210,22
211,25
212,24
213,17
214,10
215,13
216,32
217,27
218,23
219,27
220,20
221,20
222,13
223,4
224,10
225,29
226,10
227,11
228,20
229,27
230,19
231,12
232,205
233,3
234,26
235,16
236,10
237,33
238,48
239,10
240,20
241,18
242,8
243,15
244,13
245,21
246,1
247,3
248,22
249,10
250,28
251,8
252,2
253,19
254,2
255,8
256,24
257,15
258,23
259,19
260,2
261,3
262,10
263,9
264,3
265,12
266,7
267,8
269,10
270,7
271,9
272,13
273,4
274,5
275,5
276,3
277,6
278,2
279,18
280,16
281,9
282,14
283,2
284,11
285,5
286,8
287,15
288,12
289,7
290,22
291,13
292,5
293,4
294,3
295,36
296,3
297,3
298,25
299,5
300,19306
301,23
302,4
303,13
304,12
305,1
306,44
307,16
308,2
309,4
310,83
311,30
312,2
313,12
314,13
315,7
316,4
317,6
318,7
319,4
320,200
321,2
322,3
323,10
324,1
325,50
326,27
327,12
328,6
329,7
330,220
331,9
332,5
333,5
334,1
335,6
336,3
337,6
338,6
339,1
340,211
341,17
342,24
343,9
344,13
345,4
346,14
347,2
348,74
349,2
350,105
351,15
352,4
353,27
354,1
355,7
356,1
357,6
358,2
359,16
360,114
361,14
362,6
363,8
364,5
366,10
367,2
368,6
369,4
370,83
371,9
372,27
373,5
374,15
375,4
376,16
377,30
378,30
379,9
380,106
381,1
382,3
383,25
384,5
385,5
386,6
387,8
388,4
389,26
390,81
391,22
392,4
393,29
394,4
395,36
396,1
397,4
398,10
399,2
400,18190
401,9
402,37
403,13
404,8
405,2
406,7
407,5
408,1
409,8
410,156
411,86
412,7
413,25
414,29
415,8
416,9
417,16
418,4
419,6
420,125
421,1
422,22
423,2
425,2
426,2
427,2
428,12
429,4
430,151
431,8
432,11
433,3
434,5
435,26
436,7
438,3
439,6
440,184
441,18
442,71
443,17
444,19
445,3
446,7
447,1
449,10
450,78
451,220
452,5
453,9
454,2
455,3
456,10
457,9
458,19
459,2
460,196
461,1
462,2
463,19
464,57
465,37
466,1
467,1
469,6
470,90
471,4
472,5
474,7
475,1
476,13
477,4
478,4
479,4
480,160
481,11
482,13
483,16
484,6
485,76
486,71
487,7
488,12
489,16
490,76
491,58
492,1
495,5
497,1
498,8
499,12
500,7867
501,2
502,1
503,1
504,1
505,1
506,6
507,14
508,1
509,4
510,1
511,2
513,2
514,1
515,11
516,1
525,1
526,2
529,1
531,2
535,3
537,1
538,1
540,1
541,1
547,4
550,7
551,5
555,54
560,1
568,1
569,1
570,1
571,1
573,1
574,1
575,2
577,4
580,48
582,6
585,1
587,1
595,1
600,3778
608,1
610,2
611,2
612,2
613,1
624,2
625,4
634,2
638,1
640,1
644,1
647,1
650,4
651,1
658,30
663,3
666,54
670,1
671,1
675,1
679,2
680,17
686,1
696,27
699,1
700,4113
706,1
713,1
725,1
730,2
738,10
740,9
744,7
745,1
746,2
750,4
759,1
764,1
766,1
778,15
780,1
795,1
798,1
800,4297
806,5
812,18
833,1
840,32
844,1
845,4
864,26
866,1
896,1
900,3277
928,10
946,1
951,1
952,3
953,2
957,5
959,1
960,1
973,1
976,6
978,1
994,1
999,1
1000,4759
1005,2
1015,1
1035,2
1038,1
1044,10
1046,1
1050,1
1061,1
1076,5
1096,1
1099,2
1100,204
1112,1
1120,1
1143,3
1160,15
1165,1
1200,124
1207,1
1212,2
1250,1
1276,11
1277,1
1294,1
1300,122
1313,1
1315,1
1340,1
1345,3
1351,1
1389,1
1391,1
1392,8
1398,1
1400,216
1406,1
1416,1
1428,1
1495,1
1500,713
1504,1
1508,5
1524,1
1556,1
1558,1
1563,1
1579,3
1587,1
1599,1
1600,311
1618,1
1624,3
1700,322
1740,4
1770,1
1771,1
1800,218
1808,1
1855,1
1856,5
1894,1
1900,323
1971,1
2000,336
2100,17
2114,1
2152,1
2200,15
2214,1
2222,1
2300,11
2344,1
2353,1
2357,1
2400,14
2420,1
2500,146
2521,1
2533,2
2576,1
2588,1
2600,3
2619,1
2694,1
2700,9
2708,1
2727,1
2800,5
2868,1
2900,7
2951,1
2991,1
3000,133
3100,4
3116,1
3200,6
3204,1
3227,1
3300,3
3400,4
3413,1
3456,1
3500,55
3555,1
3592,1
3600,6
3670,1
3700,9
3753,1
3785,1
3800,7
3900,5
3904,1
4000,6
4100,11
4151,1
4158,1
4200,4
4273,1
4300,2
4395,1
4400,14
4500,17
4700,3
4740,1
4792,2
4800,3
4900,1
5000,15
5100,1
5200,6
5300,91
5400,1
5500,1
5600,2
5800,2
5840,1
5900,19
6000,1
6100,3
6117,1
6200,2
6218,1
6300,1
6400,3
6500,1
6600,2
6700,1
6900,1
6902,1
7100,1
7200,1
7279,1
7400,1
7500,6
7700,1
8000,2
8900,1
9000,2
9100,1
9217,1
9900,1
10000,5
10500,2
10800,1
10900,1
11700,1
12000,1
12181,1
13200,1
13382,1
15192,1
16000,1
16700,1
20795,1
22700,1
41765,1
50000,1
55690,1
