distance_ticks,count
0,15692
1,6077
2,1931
3,1516
4,1227
5,1159
6,1054
7,1283
8,1096
9,1030
10,942
11,1048
12,784
13,772
14,714
15,763
16,823
17,639
18,523
19,496
20,440
21,411
22,376
23,915
24,385
25,372
26,322
27,489
28,403
29,400
30,387
31,361
32,346
33,351
34,892
35,288
36,302
37,431
38,463
39,648
40,377
41,286
42,297
43,357
44,412
45,563
46,422
47,266
48,270
49,257
50,309
51,196
52,172
53,172
54,172
55,193
56,194
57,156
58,164
59,176
60,189
61,162
62,181
63,170
64,178
65,188
66,172
67,203
68,181
69,175
70,161
71,179
72,176
73,174
74,176
75,168
76,186
77,188
78,180
79,186
80,236
81,210
82,205
83,202
84,197
85,223
86,199
87,218
88,217
89,190
90,181
91,159
92,145
93,160
94,138
95,130
96,120
97,107
98,99
99,113
100,107
101,103
102,96
103,83
104,64
105,84
106,86
107,56
108,58
109,49
110,47
111,52
112,69
113,42
114,44
115,34
116,41
117,36
118,41
119,24
120,31
121,27
122,35
123,32
124,26
125,30
126,31
127,30
128,22
129,26
130,21
131,18
132,22
133,16
134,19
135,23
136,28
137,19
138,13
139,24
140,16
141,43
142,30
143,22
144,24
145,16
146,27
147,30
148,20
149,19
150,20
151,21
152,19
153,18
154,21
155,14
156,19
157,14
158,20
159,19
160,17
161,11
162,16
163,19
164,15
165,19
166,16
167,18
168,16
169,19
170,26
171,17
172,11
173,16
174,12
175,13
176,11
177,9
178,13
179,6
180,6
181,8
182,6
183,11
184,7
185,7
186,8
187,7
188,10
189,6
190,11
191,9
192,7
193,5
194,7
195,4
196,8
197,7
198,10
199,6
200,11
201,12
202,3
203,7
204,10
205,10
206,5
207,9
208,8
209,8
210,12
211,7
212,5
213,6
214,5
215,6
216,4
217,6
218,10
219,7
220,2
221,4
222,7
223,5
224,6
225,11
226,9
227,9
228,5
229,5
230,8
231,4
232,7
233,5
234,10
235,5
236,2
237,8
238,6
239,6
240,8
241,24
242,8
243,2
244,5
245,11
246,9
247,3
248,8
249,15
250,8
251,21
252,20
253,16
254,23
255,11
256,39
257,37
258,19
259,39
260,34
261,52
262,75
263,121
264,154
265,242
266,245
267,193
268,150
269,103
270,95
271,64
272,71
273,54
274,43
275,32
276,29
277,17
278,6
279,7
280,8
281,3
282,3
283,3
284,1
285,4
286,3
287,5
288,8
289,3
290,1
291,2
292,3
293,1
294,2
295,1
296,1
297,1
298,2
299,1
300,3
301,3
302,1
303,1
304,2
305,2
306,1
307,1
308,2
309,1
310,3
311,1
312,1
314,3
315,2
316,3
318,1
319,1
320,1
321,2
322,2
324,1
325,2
326,1
328,1
329,1
330,5
331,4
332,4
333,1
334,4
335,3
336,3
339,2
340,2
341,4
342,3
344,4
345,1
346,2
347,2
348,1
349,4
350,6
351,3
352,2
353,10
354,5
355,5
356,7
357,8
358,13
359,6
360,10
361,8
362,8
363,4
364,7
365,7
366,5
367,11
368,7
369,9
370,15
371,11
372,13
373,10
374,20
375,16
376,19
377,25
378,36
379,17
380,28
381,22
382,25
383,32
384,31
385,40
386,30
387,29
388,45
389,54
390,80
391,130
392,176
393,205
394,211
395,274
396,385
397,416
398,461
399,470
400,361
401,371
402,330
403,336
404,278
405,221
406,148
407,127
408,99
409,64
410,103
411,80
412,69
413,71
414,45
415,51
416,59
417,43
418,43
419,60
420,57
421,93
422,94
423,114
424,130
425,180
426,275
427,331
428,412
429,503
430,484
431,471
432,390
433,339
434,294
435,271
436,297
437,339
438,325
439,357
440,304
441,263
442,251
443,234
444,186
445,155
446,126
447,148
448,165
449,162
450,165
451,183
452,177
453,91
454,73
455,64
456,53
457,42
458,37
459,44
460,27
461,21
462,27
463,17
464,13
465,11
466,10
467,13
468,11
469,9
470,4
471,15
472,6
473,3
474,3
475,4
476,4
477,4
478,2
479,4
480,3
481,2
482,4
483,4
485,1
486,1
487,3
488,2
490,1
491,2
492,4
493,1
494,2
495,2
497,1
498,3
499,1
500,2
501,1
502,3
503,1
506,1
508,1
510,2
511,1
512,2
513,2
515,1
516,2
517,2
519,2
520,2
521,3
522,2
523,3
524,1
526,1
527,2
529,2
530,2
531,2
532,1
533,1
537,2
538,1
539,2
540,1
541,5
546,1
547,2
549,1
550,1
551,1
553,1
556,1
558,3
559,1
561,1
562,3
564,1
565,2
566,2
567,3
569,1
570,1
572,2
574,2
575,2
576,1
577,1
580,1
581,1
584,2
586,1
588,1
596,1
600,1
603,1
606,1
609,1
610,1
613,1
614,1
615,1
618,1
619,2
625,1
631,1
635,1
636,1
637,1
639,1
640,1
642,1
645,1
650,2
652,3
653,3
654,1
657,1
661,1
662,3
663,2
664,2
668,1
669,2
672,1
673,1
677,1
681,2
685,1
691,1
695,1
696,1
698,3
699,1
700,4
701,2
703,2
704,2
706,1
707,1
708,2
709,3
710,1
711,2
712,2
714,1
715,3
717,2
718,1
719,1
720,3
721,1
723,1
724,2
725,4
728,4
729,2
730,1
733,1
741,1
744,1
745,2
746,1
747,1
748,1
751,1
756,2
760,1
765,1
768,1
770,1
772,1
779,2
780,2
784,1
786,1
787,3
790,3
791,2
797,1
798,1
801,1
805,2
807,2
819,2
822,3
823,2
825,1
841,2
842,1
852,1
858,1
861,1
863,1
865,1
869,2
871,1
873,1
874,1
878,1
880,1
884,1
888,1
890,1
894,1
901,2
904,1
906,1
912,1
918,2
919,1
920,1
925,2
926,1
928,1
929,2
930,1
933,2
935,1
936,1
938,4
939,2
940,3
941,5
942,1
943,1
944,3
945,2
946,1
947,3
948,5
949,8
950,11
951,5
952,6
953,8
954,18
955,13
956,12
957,14
958,16
959,17
960,19
961,40
962,63
963,68
964,90
965,155
966,156
967,160
968,185
969,176
970,177
971,176
972,163
973,144
974,126
975,116
976,97
977,89
978,90
979,56
980,48
981,47
982,34
983,28
984,30
985,25
986,13
987,18
988,15
989,15
990,28
991,15
992,8
993,8
994,7
995,8
996,12
997,8
998,9
999,12
1000,8
1001,9
1002,9
1003,5
1004,9
1005,6
1006,9
1007,4
1008,1
1009,2
1010,1
1011,5
1012,3
1013,2
1014,3
1015,4
1016,3
1017,2
1018,4
1019,6
1021,2
1022,1
1023,1
1024,2
1025,2
1026,1
1028,2
1031,1
1040,1
1042,1
1045,2
1054,1
1062,1
1069,1
1073,1
1075,2
1076,1
1077,1
1080,1
1083,2
1089,2
1090,1
1096,1
1104,1
1105,1
1106,2
1121,1
1122,1
1123,1
1124,1
1126,1
1137,2
1140,1
1144,1
1148,1
1152,1
1155,2
1158,3
1159,1
1167,1
1169,2
1171,1
1172,1
1174,1
1179,2
1184,1
1185,1
1192,1
1195,1
1200,1
1207,2
1211,1
1217,1
1218,1
1220,1
1225,1
1227,1
1228,2
1234,1
1236,1
1239,2
1241,1
1247,1
1250,1
1252,1
1253,1
1256,1
1262,1
1271,28
1275,1
1283,1
1292,2
1293,1
1297,1
1300,2
1309,2
1315,1
1318,1
1319,1
1321,1
1323,1
1327,1
1332,1
1335,1
1340,1
1341,1
1343,1
1345,1
1346,1
1350,2
1357,1
1363,1
1368,1
1371,1
1372,1
1374,1
1375,1
1377,1
1380,2
1395,1
1401,1
1408,1
1417,1
1418,1
1421,1
1423,1
1426,1
1427,1
1453,1
1461,1
1462,1
1463,1
1469,1
1500,2
1501,1
1504,1
1509,1
1510,1
1513,1
1526,1
1531,2
1537,1
1549,1
1564,1
1581,2
1582,1
1585,1
1587,1
1595,1
1599,1
1600,2
1606,1
1608,1
1609,1
1610,2
1612,1
1615,1
1630,1
1636,1
1665,2
1667,1
1670,1
1678,1
1680,1
1689,1
1700,1
1703,1
1710,1
1723,1
1724,1
1740,1
1750,3
1757,1
1764,1
1767,1
1769,1
1771,1
1773,1
1786,1
1795,1
1796,1
1800,4
1803,1
1821,1
1834,1
1841,1
1850,1
1854,1
1857,1
1877,1
1894,1
1895,1
1900,1
1906,1
1910,1
1925,1
2010,1
2023,1
2088,1
2100,1
2101,1
2103,1
2123,1
2189,1
2197,1
2240,1
2250,1
2253,1
2277,1
2291,1
2300,5
2302,1
2316,1
2320,1
2321,1
2345,1
2348,1
2350,3
2361,1
2368,2
2372,1
2376,1
2377,1
2396,1
2400,2
2403,3
2416,1
2434,3
2435,1
2438,1
2439,10
2440,8
2442,19
2477,1
2478,1
2510,1
2532,1
2542,1
2549,1
2551,1
2558,4
2573,1
2577,1
2579,1
2581,1
2586,1
2587,1
2589,1
2616,1
2624,1
2636,2
2640,1
2648,1
2649,1
2651,2
2652,1
2654,1
2657,1
2658,1
2659,2
2660,1
2661,4
2663,2
2664,1
2665,3
2666,1
2669,1
2670,1
2677,1
2678,1
2725,1
2730,1
2750,1
2800,2
2825,1
2849,1
2850,1
2865,2
2872,3
2892,3
2905,2
2916,1
2928,1
2950,2
2981,24
3002,1
3006,1
3050,1
3087,1
3088,1
3090,1
3116,1
3121,24
3138,2
3139,1
3200,1
3215,2
3250,1
3310,1
3334,1
3339,1
3350,5
3600,1
3700,1
3778,1
3784,1
3807,1
3850,2
3870,1
3992,1
4048,1
4076,1
4325,1
4350,1
4478,1
4650,1
4746,1
4813,1
5350,1
5772,1
5850,2
6543,1
7317,1
7770,1
8801,1
9815,1
9858,1
12270,1
12353,1
12846,1
13128,1
13259,1
13273,1
13275,1
13337,1
13596,1
14300,1
15042,1
