distance_ticks,count
0,2212730
1,427267
2,178682
3,90056
4,59590
5,58463
6,51770
7,41327
8,40218
9,34949
10,15420
11,9952
12,12831
13,7149
14,5307
15,4457
16,18065
17,10158
18,3541
19,2807
20,3572
21,986
22,512
23,437
24,455
25,398
26,385
27,326
28,289
29,247
30,257
31,281
32,421
33,2032
34,1612
35,571
36,268
37,192
38,142
39,122
40,112
41,93
42,81
43,113
44,123
45,97
46,74
47,105
48,84
49,85
50,80
51,53
52,90
53,164
54,72
55,79
56,200
57,610
58,144
59,95
60,100
61,121
62,340
63,896
64,206
65,85
66,84
67,108
68,214
69,695
70,372
71,253
72,96
73,98
74,198
75,567
76,119
77,92
78,87
79,74
80,63
81,61
82,75
83,68
84,69
85,55
86,61
87,37
88,73
89,77
90,73
91,55
92,52
93,69
94,65
95,33
96,31
97,26
98,42
99,27
100,46
101,43
102,60
103,48
104,62
105,59
106,52
107,65
108,104
109,58
110,37
111,34
112,21
113,32
114,21
115,22
116,43
117,32
118,26
119,19
120,31
121,32
122,24
123,21
124,31
125,66
126,32
127,26
128,34
129,24
130,29
131,15
132,32
133,17
134,57
135,41
136,9
137,37
138,21
139,12
140,15
141,10
142,22
143,14
144,17
145,10
146,72
147,11
148,15
149,13
150,9
151,17
152,8
153,9
154,22
155,16
156,18
157,19
158,21
159,14
160,18
161,19
162,12
163,18
164,13
165,18
166,13
167,25
168,12
169,21
170,24
171,16
172,14
173,18
174,17
175,26
176,113
177,292
178,303
179,183
180,38
181,32
182,11
183,18
184,16
185,23
186,17
187,68
188,226
189,185
190,147
191,187
192,232
193,297
194,140
195,185
196,182
197,66
198,30
199,29
200,51
201,50
202,64
203,49
204,50
205,40
206,47
207,23
208,15
209,36
210,70
211,108
212,65
213,46
214,30
215,59
216,77
217,29
218,36
219,22
220,30
221,30
222,25
223,22
224,29
225,22
226,15
227,12
228,19
229,23
230,55
231,11
232,35
233,15
234,29
235,15
236,42
237,23
238,21
239,16
240,10
241,8
242,8
243,9
244,13
245,9
246,32
247,56
248,9
249,8
250,9
251,7
252,13
253,11
254,10
255,12
256,12
257,7
258,9
259,12
260,5
261,6
262,5
263,7
264,6
265,13
266,7
267,8
268,8
269,13
270,39
271,36
272,15
273,8
274,6
275,7
276,10
277,15
278,6
279,10
280,24
281,19
282,13
283,6
284,18
285,20
286,8
287,20
288,40
289,18
290,15
291,17
292,7
293,25
294,13
295,8
296,8
297,4
298,10
299,6
300,24
301,12
302,10
303,14
304,11
305,13
306,11
307,25
308,11
309,10
310,6
311,10
312,5
313,6
314,7
315,4
316,7
317,6
318,2
319,10
320,10
321,13
322,17
323,9
324,9
325,4
326,11
327,11
328,8
329,55
330,88
331,88
332,63
333,111
334,10
335,14
336,11
337,6
338,15
339,10
340,16
341,50
342,93
343,9
344,10
345,9
346,15
347,21
348,11
349,15
350,53
351,6
352,13
353,10
354,7
355,20
356,7
357,10
358,9
359,4
360,7
361,6
362,14
363,2
364,6
365,7
366,9
367,11
368,3
369,4
370,6
371,7
372,11
373,10
374,5
375,10
376,6
377,4
378,11
379,2
380,18
381,22
382,5
383,5
384,7
385,19
386,11
387,16
388,7
389,3
390,8
391,12
392,12
393,31
394,9
395,7
396,2
397,4
398,7
399,4
400,12
401,8
402,8
403,9
404,8
405,7
406,10
407,6
408,10
409,6
410,10
411,8
412,5
413,5
414,3
415,7
416,2
417,6
418,5
420,9
421,6
422,7
423,5
424,11
425,7
426,3
427,12
428,5
429,47
430,2
431,52
432,17
433,5
434,4
435,9
436,5
437,37
438,1
439,4
440,6
441,35
442,4
443,6
444,6
445,6
446,3
447,5
448,7
449,4
450,4
451,6
452,8
453,124
454,6
455,4
456,9
457,4
458,2
459,6
460,1
461,1
462,7
463,4
464,7
465,3
466,5
467,5
468,7
469,2
470,7
471,7
472,10
473,11
474,5
475,4
476,5
477,6
478,4
479,4
480,1
481,5
482,21
483,2
484,9
485,31
486,33
487,13
488,95
489,1369
490,5332
491,7535
492,3951
493,3149
494,1365
495,1660
496,3110
497,5642
498,3929
499,1449
500,210
501,7
502,7
503,10
504,3
505,3
506,5
507,10
508,4
509,2
510,1
511,4
512,4
513,2
514,3
515,2
516,1
517,4
518,5
519,4
520,1
521,6
522,9
523,2
524,5
525,5
526,5
527,4
528,4
529,47
530,898
531,4052
532,5402
533,5651
534,8576
535,5910
536,4070
537,4285
538,5145
539,2641
540,282
541,10
542,3
543,5
544,2
545,6
546,2
547,1
548,5
549,5
550,2
551,6
552,3
553,5
554,36
555,19
556,7
557,4
558,4
559,5
560,9
561,4
562,4
563,3
564,2
565,3
566,6
567,4
568,3
569,6
570,4
571,8
572,5
573,3
574,6
575,4
576,8
577,2
578,7
579,324
580,1812
581,5715
582,8555
583,2173
584,881
585,157
586,206
587,2291
588,7695
589,6551
590,1741
591,1925
592,861
593,67
594,14
595,4
596,1
597,3
599,3
600,6
601,7
602,4
603,3
604,5
605,12
606,8
607,8
608,4
609,4
610,6
611,1
612,5
613,5
615,8
616,1
617,3
618,6
619,3
620,6
621,11
622,5
623,3
624,4
625,5
626,3
627,6
628,3
629,2
630,139
631,4
632,41
633,3
634,3
635,42
636,8
637,13
638,30
639,9
640,6
641,4
642,9
643,14
644,13
645,8
646,6
647,13
648,11
649,6
650,9
651,6
652,12
653,40
654,4
655,10
656,2
657,4
658,12
659,7
660,2
661,7
663,2
664,3
665,6
666,4
668,4
669,5
670,3
671,4
672,15
673,3
674,5
675,1
677,1
678,2
680,6
681,8
682,13
683,9
684,25
685,7
686,1
687,5
688,23
689,3
690,8
691,8
692,9
693,19
694,27
695,9
696,8
697,6
698,6
699,3
700,17
701,4
702,5
703,2
704,12
705,3
706,9
707,13
708,6
709,1
710,6
711,3
712,4
713,5
714,7
715,5
716,4
717,4
718,6
719,7
721,3
722,1
723,4
724,11
725,4
726,4
727,2
728,3
729,4
730,44
731,2
732,68
733,2
734,7
735,3
736,8
737,6
738,19
740,5
741,1
742,4
743,5
744,6
745,1
747,5
748,2
749,5
750,5
751,5
752,6
753,45
754,3
755,16
756,6
757,3
758,10
759,13
760,8
761,5
762,12
763,5
764,6
765,6
766,11
767,6
768,9
769,13
770,12
771,10
772,9
773,10
774,5
775,7
776,9
777,10
778,7
779,5
780,12
781,20
782,16
783,26
784,34
785,1
786,5
787,5
788,9
789,5
790,3
791,8
792,1
793,6
794,10
795,3
796,2
797,5
798,4
799,2
800,9
801,1
802,5
803,3
804,2
805,4
806,4
807,11
808,3
809,4
810,2
811,5
812,6
813,4
814,2
815,4
816,7
817,7
818,2
819,5
820,8
821,8
822,3
823,2
824,7
825,7
826,12
827,8
828,10
829,58
830,77
831,90
832,112
833,10
834,6
835,6
836,6
837,64
838,3
839,3
840,4
841,4
842,2
843,3
844,2
845,4
846,7
847,4
848,2
849,3
850,2
852,7
853,30
854,1
855,8
856,1
857,2
858,2
859,3
860,1
861,2
862,1
863,2
865,1
867,2
868,1
869,4
870,5
871,4
872,6
873,2
874,12
875,3
876,4
877,2
878,7
879,12
880,8
881,12
882,13
883,63
884,14
885,5
886,20
887,1
888,4
889,2
890,1
891,1
892,2
893,18
894,10
895,3
896,5
897,1
898,4
899,2
900,8
901,1
902,8
903,8
904,6
905,25
906,6
907,11
908,8
909,4
910,4
911,5
912,2
913,1
914,1
916,5
917,4
918,11
919,2
920,4
923,1
924,4
925,1
926,2
927,5
928,37
929,5
930,29
931,2
932,35
933,1
934,3
935,4
936,18
937,2
938,3
939,1
940,7
941,2
943,10
944,3
945,3
947,4
948,6
949,4
950,5
951,2
952,6
953,106
954,2
955,13
956,4
957,5
958,6
959,1
960,5
962,1
963,4
964,1
965,4
966,2
968,1
969,1
970,2
971,5
972,3
973,7
974,6
975,8
976,6
977,2
978,6
979,11
980,5
981,7
982,43
983,2
984,12
985,2
986,73
987,1
988,4
989,1
990,6
991,4
992,2
993,8
994,5
995,2
996,1
997,6
998,3
999,3
1000,5
1001,3
1002,1
1003,3
1004,4
1005,2
1006,9
1007,8
1008,7
1009,2
1010,3
1011,4
1012,3
1013,2
1014,2
1015,4
1016,2
1017,1
1018,4
1019,2
1020,2
1021,6
1022,1
1023,7
1024,3
1025,7
1026,8
1028,52
1029,4
1030,2
1031,19
1032,8
1033,17
1034,3
1035,1
1036,29
1037,2
1038,1
1039,3
1040,5
1041,2
1042,2
1043,1
1045,3
1047,2
1048,3
1049,1
1050,2
1051,4
1052,10
1053,21
1054,1
1055,14
1056,5
1057,1
1058,2
1059,3
1060,3
1061,1
1062,3
1063,2
1064,7
1065,2
1066,2
1067,6
1069,2
1070,3
1071,4
1072,3
1073,2
1074,6
1075,8
1076,2
1077,1
1078,10
1079,1
1080,8
1081,8
1082,26
1083,10
1084,7
1085,2
1086,37
1087,3
1088,2
1089,1
1090,4
1091,4
1092,2
1093,7
1094,3
1095,3
1096,6
1099,1
1100,7
1101,4
1102,4
1103,14
1104,2
1105,2
1106,3
1107,10
1108,4
1109,6
1111,6
1112,4
1113,3
1114,2
1115,1
1116,2
1117,5
1118,1
1119,1
1120,1
1121,1
1122,4
1123,4
1124,3
1125,4
1126,5
1127,186
1128,4
1129,1
1130,47
1131,2
1132,12
1133,27
1134,3
1135,3
1136,18
1137,12
1138,4
1139,1
1140,2
1142,2
1143,2
1144,2
1145,5
1146,3
1147,7
1148,4
1149,5
1150,3
1151,1
1152,5
1153,8
1154,2
1155,52
1156,3
1157,3
1158,2
1159,3
1160,4
1161,3
1162,5
1163,6
1164,4
1166,6
1167,1
1168,2
1169,2
1170,2
1171,8
1172,2
1173,2
1174,2
1175,1
1176,10
1177,7
1178,15
1179,2
1180,4
1181,4
1182,33
1184,7
1186,5
1187,58
1188,3
1189,6
1190,4
1191,1
1192,3
1194,3
1195,2
1196,2
1197,5
1198,3
1199,1
1200,14
1201,12
1202,2
1203,4
1204,2
1205,1
1206,12
1207,7
1208,2
1209,4
1210,1
1212,6
1213,3
1214,4
1215,3
1217,8
1218,2
1219,4
1220,2
1221,1
1222,10
1223,8
1224,2
1225,4
1226,2
1227,50
1230,4
1231,34
1232,14
1233,1
1234,25
1235,3
1236,20
1237,13
1239,2
1240,3
1241,4
1242,4
1244,3
1245,1
1246,4
1247,6
1248,2
1249,4
1250,1
1251,5
1252,21
1253,3
1254,14
1255,3
1256,4
1257,6
1258,2
1259,4
1260,1
1262,4
1263,2
1265,5
1266,4
1267,5
1268,1
1270,7
1271,4
1272,4
1273,2
1274,1
1275,2
1276,1
1277,16
1278,13
1279,4
1280,6
1281,3
1282,23
1283,1
1284,4
1285,5
1286,3
1287,2
1288,33
1289,6
1290,1
1291,1
1292,7
1294,6
1295,3
1297,2
1298,2
1299,2
1300,10
1302,2
1303,1
1305,4
1306,4
1307,4
1308,35
1309,1
1310,2
1311,1
1312,3
1313,2
1314,3
1315,3
1316,3
1317,8
1318,4
1319,2
1320,10
1321,2
1322,5
1323,5
1324,6
1325,5
1326,6
1327,59
1328,3
1329,40
1330,226
1331,4
1332,11
1333,4
1334,85
1335,47
1336,119
1337,6
1338,5
1339,2
1340,8
1341,5
1342,3
1344,1
1345,6
1346,2
1347,7
1348,1
1349,4
1350,2
1351,1
1352,11
1354,1
1355,15
1356,3
1357,4
1358,2
1359,2
1360,3
1361,1
1362,5
1363,3
1365,2
1366,2
1367,3
1368,3
1369,4
1370,1
1371,2
1372,5
1373,2
1374,11
1375,2
1376,4
1377,18
1378,39
1379,3
1380,13
1381,15
1382,147
1383,5
1384,1
1385,4
1386,5
1387,38
1388,1
1389,2
1390,4
1391,1
1392,2
1393,10
1394,3
1395,2
1397,4
1398,3
1399,6
1400,4
1402,3
1403,2
1404,4
1405,12
1406,3
1407,8
1408,1
1409,3
1410,4
1411,6
1413,4
1414,2
1415,3
1416,5
1417,6
1418,1
1419,2
1421,3
1422,7
1423,5
1425,3
1426,2
1427,96
1430,27
1431,3
1432,43
1435,16
1436,35
1437,2
1438,3
1439,2
1440,1
1442,3
1443,1
1444,4
1445,11
1446,1
1447,6
1448,4
1449,2
1450,7
1451,3
1452,9
1453,53
1455,7
1456,9
1457,1
1458,4
1459,3
1460,2
1461,2
1462,2
1465,3
1466,28
1467,2
1469,1
1470,3
1471,6
1472,6
1473,3
1474,1
1475,4
1476,9
1477,16
1478,10
1479,3
1480,14
1481,61
1482,1
1483,2
1484,2
1485,4
1486,4
1487,123
1488,1
1489,3
1490,2
1491,1
1492,2
1493,5
1494,6
1495,2
1496,2
1497,3
1498,3
1499,6
1500,11
1501,4
1502,4
1503,2
1504,3
1505,7
1506,5
1507,2
1508,4
1509,3
1510,4
1511,4
1512,5
1513,1
1515,1
1516,6
1517,3
1518,1
1519,3
1520,2
1521,1
1522,1
1523,4
1524,1
1526,3
1527,55
1528,5
1529,3
1530,79
1531,11
1532,1
1533,4
1534,26
1535,27
1536,4
1537,1
1539,1
1540,3
1541,1
1542,3
1543,1
1544,3
1545,1
1546,5
1547,4
1550,1
1551,39
1552,2
1553,4
1554,2
1555,14
1556,6
1557,7
1558,1
1560,4
1561,2
1562,1
1563,1
1564,1
1565,2
1566,36
1567,37
1568,2
1569,1
1570,7
1571,2
1572,3
1573,6
1574,3
1575,5
1576,21
1577,17
1578,1
1579,2
1580,11
1581,67
1582,2
1583,10
1584,96
1585,446
1586,1323
1587,2346
1588,3421
1589,3534
1590,2649
1591,2808
1592,3354
1593,3111
1594,2156
1595,1504
1596,735
1597,289
1598,181
1599,186
1600,239
1601,356
1602,166
1603,15
1604,1
1605,2
1606,5
1607,3
1610,2
1611,3
1612,5
1613,1
1615,2
1616,11
1617,10
1618,1
1619,3
1620,1
1621,5
1622,11
1623,2
1624,1
1625,9
1626,6
1627,282
1628,8
1629,1
1630,45
1631,11
1632,4
1633,10
1634,1
1635,7
1636,4
1637,4
1638,2
1639,2
1640,7
1641,3
1642,5
1643,1
1644,1
1645,2
1646,4
1647,7
1648,2
1649,2
1650,8
1651,12
1652,10
1653,1
1654,2
1655,5
1656,2
1657,3
1658,3
1659,2
1660,3
1661,8
1662,3
1663,3
1664,5
1665,3
1666,151
1667,5
1668,2
1669,2
1670,6
1671,2
1672,8
1673,1
1674,3
1675,17
1676,5
1677,7
1678,5
1679,2
1680,6
1681,2
1682,28
1683,1
1684,3
1685,30
1686,6
1687,3
1688,2
1689,4
1690,3
1692,4
1693,2
1694,1
1695,40
1696,3
1697,3
1699,1
1700,27
1701,7
1702,7
1703,1
1704,1
1705,3
1706,5
1707,12
1708,1
1709,1
1710,5
1712,1
1713,2
1714,3
1715,3
1716,8
1717,6
1718,2
1720,3
1721,3
1722,3
1725,3
1726,2
1727,39
1728,1
1729,3
1730,1
1731,41
1732,31
1733,1
1734,3
1735,6
1736,9
1737,5
1738,2
1739,8
1740,3
1741,2
1742,2
1743,5
1744,1
1745,2
1746,9
1747,5
1748,1
1749,1
1750,4
1751,1
1752,18
1753,17
1754,4
1755,10
1756,3
1757,8
1758,1
1759,1
1761,3
1762,4
1764,1
1765,3
1766,35
1767,3
1768,4
1769,3
1770,2
1771,3
1772,4
1773,1
1774,14
1776,3
1777,4
1778,3
1779,4
1780,1
1781,12
1782,42
1783,1
1784,1
1785,3
1786,34
1787,2
1790,3
1791,2
1792,4
1793,1
1794,2
1795,3
1797,1
1798,2
1799,3
1800,4
1802,1
1803,2
1804,2
1805,5
1806,3
1807,12
1808,2
1809,4
1810,2
1811,1
1812,6
1813,2
1814,6
1815,2
1816,3
1817,3
1818,3
1819,1
1820,1
1821,6
1822,3
1823,6
1824,4
1825,1
1826,5
1827,7
1828,44
1829,4
1830,4
1831,241
1832,110
1833,2
1834,2
1835,2
1836,43
1837,3
1838,5
1839,5
1840,9
1841,2
1842,3
1843,5
1845,1
1846,1
1847,2
1848,2
1850,2
1851,7
1852,8
1853,8
1854,2
1855,9
1856,6
1857,9
1858,3
1859,1
1860,3
1861,5
1862,3
1864,3
1866,4
1867,64
1868,3
1869,2
1870,1
1871,2
1872,6
1873,3
1874,47
1875,3
1876,1
1877,2
1878,12
1880,4
1881,20
1882,89
1883,51
1884,1
1885,1
1886,32
1887,3
1888,6
1890,5
1891,1
1892,3
1893,3
1895,2
1896,1
1897,1
1898,5
1899,1
1900,5
1901,2
1902,2
1903,6
1904,1
1905,5
1906,4
1907,5
1908,3
1909,1
1910,3
1911,2
1912,3
1913,1
1915,4
1917,10
1918,1
1919,1
1920,1
1921,2
1922,2
1923,5
1924,4
1925,2
1926,3
1927,24
1928,3
1930,58
1931,31
1932,3
1933,38
1935,1
1936,8
1937,17
1938,3
1939,7
1940,2
1941,5
1943,4
1944,1
1945,3
1946,5
1947,2
1949,1
1950,6
1951,5
1952,8
1953,79
1954,2
1955,1
1956,6
1957,9
1958,8
1959,1
1960,3
1961,1
1962,2
1963,2
1964,3
1965,7
1966,46
1967,2
1968,1
1969,2
1970,1
1971,5
1972,3
1973,3
1974,3
1975,15
1976,5
1977,5
1978,3
1979,1
1980,8
1981,38
1982,24
1983,1
1984,4
1985,157
1986,5
1987,3
1988,1
1989,1
1990,17
1991,3
1992,1
1993,3
1994,2
1995,5
1996,1
1997,2
1998,1
1999,4
2000,9
2001,1
2002,3
2003,3
2004,1
2005,2
2006,1
2007,9
2008,2
2009,4
2010,1
2012,2
2014,5
2015,8
2016,4
2017,5
2018,2
2019,2
2020,2
2021,3
2022,4
2023,4
2024,5
2025,3
2026,7
2027,30
2028,2
2029,3
2030,4
2031,4
2032,59
2033,21
2034,1
2036,11
2037,4
2038,2
2039,5
2040,2
2041,2
2042,2
2044,2
2045,2
2046,9
2047,3
2048,1
2049,2
2050,7
2051,4
2052,7
2053,4
2055,28
2056,6
2057,3
2060,4
2061,1
2062,1
2063,4
2064,1
2065,4
2066,47
2067,5
2068,3
2070,3
2071,1
2072,2
2075,18
2076,6
2077,9
2078,4
2079,1
2080,1
2081,4
2082,26
2083,17
2085,21
2086,3
2087,2
2088,2
2090,4
2091,2
2093,1
2094,3
2095,3
2096,4
2097,1
2098,2
2099,1
2100,6
2101,1
2102,6
2103,1
2105,2
2106,9
2107,5
2108,4
2109,5
2110,3
2111,2
2113,3
2114,4
2115,3
2116,9
2117,3
2118,1
2119,1
2120,2
2121,2
2122,9
2123,7
2124,2
2125,6
2126,7
2127,115
2128,1
2129,3
2130,1
2131,5
2132,13
2133,87
2134,5
2135,6
2136,13
2137,2
2138,2
2139,5
2140,1
2141,2
2142,3
2143,1
2144,2
2145,2
2146,3
2147,1
2148,4
2149,3
2150,2
2151,3
2152,9
2153,4
2154,5
2155,11
2156,6
2157,2
2158,3
2159,2
2161,1
2162,4
2163,4
2164,1
2165,6
2166,143
2169,1
2170,2
2171,1
2172,2
2173,1
2174,1
2175,23
2176,9
2177,8
2178,1
2179,3
2180,5
2181,10
2182,36
2183,5
2184,2
2185,36
2186,2
2188,2
2191,2
2192,7
2195,5
2196,2
2197,2
2198,3
2199,2
2200,14
2201,3
2203,1
2204,3
2205,3
2206,7
2207,5
2208,16
2209,5
2211,2
2212,2
2213,3
2214,2
2215,4
2216,5
2217,1
2219,3
2220,3
2221,1
2222,1
2223,3
2224,2
2225,6
2226,2
2227,18
2228,1
2230,3
2232,3
2233,44
2234,3
2235,6
2236,5
2238,2
2239,5
2240,5
2241,4
2242,3
2244,2
2245,2
2246,4
2247,2
2248,1
2249,1
2250,6
2251,2
2252,23
2253,4
2254,1
2255,9
2256,2
2257,5
2258,3
2259,1
2260,3
2261,1
2262,4
2263,2
2265,5
2266,27
2267,5
2268,2
2269,1
2270,3
2271,2
2272,3
2273,1
2274,4
2275,36
2276,5
2277,10
2278,2
2279,3
2280,1
2281,5
2282,32
2283,3
2284,1
2285,19
2286,3
2287,1
2288,2
2290,4
2291,3
2292,1
2293,3
2294,3
2295,3
2296,4
2297,2
2298,1
2299,1
2300,6
2301,7
2302,4
2303,5
2304,1
2305,1
2306,3
2307,4
2308,5
2309,1
2310,1
2311,3
2312,4
2313,8
2314,3
2315,7
2317,4
2319,1
2320,3
2321,3
2322,4
2323,15
2324,17
2325,16
2326,1
2328,9
2330,5
2331,3
2332,14
2333,349
2334,4
2335,6
2336,66
2337,6
2338,9
2339,1
2340,10
2341,3
2342,2
2343,5
2344,1
2345,4
2346,1
2347,3
2348,3
2349,1
2351,2
2352,8
2353,6
2354,6
2355,3
2356,2
2357,6
2358,1
2359,3
2360,4
2361,3
2362,3
2363,3
2364,24
2365,3
2367,2
2368,3
2370,3
2371,3
2372,4
2374,1
2375,99
2376,43
2377,3
2378,2
2379,3
2380,3
2381,29
2382,185
2383,8
2384,6
2385,27
2386,2
2387,3
2389,1
2390,1
2391,1
2392,3
2393,1
2395,4
2396,3
2398,1
2399,2
2400,8
2401,2
2402,2
2403,1
2404,2
2405,1
2406,10
2407,2
2408,1
2409,3
2412,6
2413,4
2414,6
2416,1
2418,1
2419,1
2420,1
2421,2
2422,3
2423,13
2424,24
2425,7
2426,1
2428,1
2429,2
2430,3
2431,5
2432,1
2433,16
2434,29
2435,14
2436,1
2437,1
2438,2
2439,2
2440,2
2443,2
2444,2
2445,4
2446,2
2447,1
2448,6
2449,1
2450,1
2451,2
2452,25
2453,4
2454,1
2455,2
2457,1
2458,1
2459,2
2460,2
2461,2
2462,1
2463,44
2464,3
2465,3
2466,5
2467,1
2468,1
2469,5
2471,3
2473,4
2474,3
2475,33
2476,5
2477,7
2478,6
2479,4
2480,4
2481,18
2482,2
2483,4
2484,5
2485,108
2486,2
2487,6
2488,1
2489,1
2490,2
2491,12
2493,6
2495,4
2497,3
2498,2
2499,3
2500,4
2501,1
2502,1
2504,6
2505,2
2506,4
2507,2
2508,12
2509,3
2510,3
2512,4
2513,4
2515,4
2516,5
2517,1
2519,3
2520,2
2521,2
2522,1
2523,3
2524,19
2525,8
2526,3
2527,9
2528,2
2529,1
2530,1
2531,6
2533,22
2534,39
2535,19
2536,1
2538,3
2539,4
2540,3
2541,2
2542,1
2543,3
2544,1
2545,3
2546,2
2547,4
2548,2
2549,1
2550,1
2551,2
2552,8
2553,4
2554,6
2555,24
2556,5
2557,3
2558,5
2559,3
2560,3
2561,2
2562,2
2563,25
2564,2
2565,1
2566,1
2567,1
2568,1
2570,2
2571,1
2573,3
2574,5
2575,68
2576,1
2577,2
2578,2
2579,1
2580,1
2581,48
2582,1
2583,4
2584,2
2585,28
2586,2
2587,3
2588,1
2589,1
2590,1
2591,2
2592,2
2594,1
2596,2
2597,5
2598,7
2599,1
2600,3
2601,1
2602,1
2603,3
2604,1
2605,9
2606,3
2607,3
2608,9
2609,1
2610,2
2612,3
2613,7
2614,6
2616,1
2617,1
2618,2
2619,4
2620,2
2621,2
2623,6
2624,123
2625,19
2627,1
2629,2
2630,1
2631,5
2632,1
2633,18
2634,22
2635,5
2636,3
2637,1
2638,3
2639,2
2640,1
2641,1
2642,3
2643,5
2645,2
2646,1
2647,2
2648,2
2649,2
2650,1
2651,2
2652,9
2653,8
2654,1
2655,9
2656,2
2657,3
2658,1
2659,4
2660,3
2661,1
2662,2
2663,162
2664,4
2665,2
2666,3
2667,3
2668,7
2669,1
2670,2
2672,3
2673,4
2674,3
2675,26
2676,4
2677,7
2678,1
2679,1
2680,3
2681,5
2682,15
2683,1
2684,4
2685,11
2686,3
2687,4
2688,2
2689,5
2690,6
2692,1
2693,1
2694,3
2695,4
2696,2
2697,1
2698,6
2699,2
2700,14
2701,3
2704,1
2705,5
2706,25
2707,2
2708,4
2709,2
2711,5
2713,2
2714,5
2715,3
2716,1
2717,2
2718,2
2720,2
2721,4
2722,1
2723,4
2724,2
2725,11
2726,1
2727,2
2728,2
2730,2
2731,3
2732,4
2733,17
2734,30
2735,2
2736,17
2737,8
2738,1
2739,8
2740,4
2742,1
2744,3
2745,3
2746,1
2747,4
2748,1
2749,2
2750,1
2752,14
2753,4
2754,2
2755,5
2756,6
2757,2
2758,2
2759,3
2760,3
2761,1
2762,2
2763,1
2764,6
2765,1
2766,1
2767,4
2769,1
2770,2
2772,2
2774,3
2775,13
2776,2
2777,4
2778,1
2779,4
2780,2
2781,1
2782,36
2784,3
2785,4
2786,4
2787,27
2788,1
2791,3
2792,1
2793,1
2795,1
2796,4
2797,3
2798,2
2799,1
2800,3
2802,2
2803,1
2804,3
2805,1
2806,11
2807,3
2808,12
2810,3
2811,1
2813,2
2814,2
2815,3
2817,3
2818,4
2819,3
2820,1
2821,3
2822,2
2823,5
2824,6
2825,22
2826,2
2827,5
2828,1
2829,1
2830,8
2831,7
2832,6
2833,57
2834,82
2835,3
2836,40
2837,2
2839,2
2840,10
2842,3
2843,1
2844,3
2845,2
2848,2
2849,3
2852,4
2853,9
2854,4
2855,9
2856,3
2857,6
2858,6
2859,1
2862,2
2863,4
2864,16
2865,2
2866,1
2868,1
2869,2
2870,2
2871,2
2872,3
2873,2
2874,2
2875,126
2876,4
2877,14
2878,2
2879,1
2880,4
2881,8
2882,112
2883,2
2884,2
2885,4
2886,11
2887,4
2888,2
2889,2
2891,2
2892,2
2894,1
2897,1
2898,2
2900,1
2905,2
2906,34
2907,3
2908,36
2911,6
2912,2
2913,4
2914,2
2915,1
2916,4
2918,4
2919,2
2921,5
2922,1
2923,8
2924,1
2925,9
2927,3
2928,1
2929,1
2930,3
2931,1
2932,6
2933,9
2934,10
2935,1
2936,10
2938,1
2939,3
2940,4
2941,3
2942,1
2943,4
2944,1
2945,1
2946,1
2947,3
2948,8
2950,1
2951,2
2952,2
2953,59
2954,2
2955,3
2956,6
2957,7
2960,2
2961,3
2962,1
2965,8
2966,1
2967,1
2969,2
2970,2
2971,2
2972,3
2973,2
2974,1
2975,10
2976,2
2977,3
2978,3
2979,2
2980,2
2981,8
2982,27
2983,2
2984,2
2985,4
2986,164
2987,6
2988,3
2989,2
2990,1
2991,11
2992,1
2995,1
2996,1
2997,3
2998,4
2999,5
3000,1
3001,1
3002,2
3003,2
3004,2
3005,2
3006,14
3007,3
3008,2
3009,3
3010,2
3012,1
3013,3
3014,3
3016,2
3017,2
3018,2
3019,1
3021,2
3022,1
3023,2
3025,10
3027,1
3028,1
3029,1
3032,5
3033,7
3034,9
3035,2
3036,12
3037,3
3039,3
3040,3
3041,2
3042,3
3044,2
3045,3
3046,1
3047,1
3048,2
3049,4
3052,8
3053,6
3055,13
3056,11
3057,1
3058,1
3062,3
3063,2
3064,10
3065,6
3066,1
3067,1
3068,1
3069,1
3070,2
3071,2
3072,6
3073,3
3075,19
3076,1
3077,3
3078,2
3080,1
3081,2
3082,24
3083,3
3084,10
3085,2
3086,17
3088,1
3089,3
3091,1
3092,3
3094,1
3097,1
3098,3
3099,1
3100,1
3101,2
3102,4
3103,1
3104,1
3105,5
3106,8
3107,1
3108,8
3109,2
3112,3
3113,1
3114,2
3115,3
3117,1
3118,3
3119,2
3120,2
3121,6
3122,4
3123,7
3124,2
3125,38
3126,1
3128,3
3129,3
3130,1
3131,1
3132,6
3133,12
3134,11
3135,3
3136,12
3137,2
3139,8
3140,5
3141,2
3142,1
3143,2
3144,2
3148,4
3149,2
3150,1
3151,2
3152,5
3153,7
3154,2
3155,4
3156,7
3157,1
3158,1
3159,5
3160,3
3161,2
3162,1
3163,4
3164,47
3165,3
3166,1
3168,1
3169,1
3170,2
3171,2
3172,9
3175,26
3177,4
3178,1
3179,2
3181,1
3182,39
3183,2
3184,5
3185,2
3186,37
3187,2
3189,1
3191,2
3192,1
3193,2
3194,1
3195,4
3196,2
3198,2
3199,5
3200,11
3201,2
3202,3
3203,4
3204,2
3205,3
3206,48
3207,5
3208,12
3209,2
3210,2
3211,2
3212,1
3213,2
3214,3
3215,4
3216,3
3218,4
3221,12
3222,1
3223,3
3224,2
3225,4
3226,1
3227,1
3228,1
3229,1
3230,2
3231,3
3232,6
3233,9
3234,13
3236,8
3238,3
3239,5
3240,2
3242,1
3243,1
3244,2
3245,3
3248,1
3249,2
3250,2
3251,4
3252,15
3253,7
3254,2
3255,3
3256,1
3257,2
3258,2
3259,2
3260,2
3261,1
3262,2
3263,2
3264,8
3265,2
3266,11
3268,9
3269,5
3271,3
3272,4
3273,4
3274,2
3275,20
3277,8
3278,1
3281,4
3282,17
3284,3
3285,1
3286,13
3289,2
3290,2
3291,4
3292,1
3293,2
3294,1
3295,1
3296,2
3298,3
3299,1
3300,2
3301,2
3303,4
3304,3
3306,2
3307,5
3308,6
3309,2
3310,2
3311,7
3312,4
3313,2
3314,4
3315,1
3316,4
3317,2
3318,1
3319,1
3320,11
3321,1
3322,1
3323,4
3324,2
3325,11
3326,3
3327,3
3328,3
3329,4
3330,4
3331,6
3332,1
3333,51
3334,82
3335,56
3336,7
3338,1
3339,3
3340,5
3341,2
3342,3
3343,1
3345,2
3346,2
3348,2
3349,1
3350,1
3351,1
3352,3
3353,6
3355,3
3356,4
3357,1
3359,1
3360,2
3361,1
3364,6
3365,4
3366,3
3368,1
3370,9
3371,3
3373,2
3374,2
3375,87
3376,2
3377,25
3378,2
3379,2
3380,8
3381,156
3382,10
3383,1
3384,3
3385,1
3386,28
3387,2
3388,1
3391,6
3393,1
3394,2
3395,1
3396,1
3397,2
3398,5
3399,3
3400,4
3401,5
3402,1
3403,3
3404,1
3405,4
3406,8
3407,5
3408,21
3410,1
3411,1
3412,1
3413,8
3414,4
3415,6
3416,1
3417,1
3418,2
3420,66
3422,1
3423,9
3424,2
3425,15
3426,7
3427,2
3428,4
3429,4
3430,2
3431,4
3432,4
3433,4
3434,5
3435,7
3436,3
3438,7
3439,4
3440,3
3441,2
3443,3
3444,1
3446,2
3447,1
3448,1
3451,1
3452,1
3453,21
3454,2
3456,2
3457,3
3458,1
3459,1
3460,1
3461,6
3462,1
3463,1
3464,10
3465,4
3469,2
3470,5
3471,3
3472,3
3474,1
3475,5
3476,2
3478,3
3481,17
3483,2
3485,2
3486,132
3487,2
3488,1
3489,1
3490,1
3491,4
3492,1
3493,2
3494,3
3495,6
3496,2
3497,1
3498,2
3499,2
3500,6
3501,2
3503,1
3504,1
3505,2
3506,7
3509,3
3510,3
3511,1
3513,1
3514,1
3515,1
3516,2
3519,1
3520,17
3522,1
3524,3
3525,7
3526,2
3531,2
3532,2
3533,10
3534,2
3535,1
3536,9
3537,1
3538,1
3539,4
3540,1
3541,2
3542,3
3544,2
3546,4
3547,1
3549,1
3550,1
3551,1
3552,2
3553,11
3554,1
3555,11
3558,1
3559,5
3560,3
3561,2
3562,1
3563,1
3564,10
3565,2
3566,2
3568,1
3569,1
3571,3
3572,1
3573,4
3575,11
3576,2
3577,2
3578,1
3580,1
3581,1
3582,19
3583,3
3584,9
3586,38
3587,3
3588,1
3589,3
3590,1
3591,4
3592,2
3594,1
3595,5
3596,2
3597,3
3598,5
3600,2
3601,5
3603,3
3605,2
3606,7
3607,4
3608,6
3610,4
3611,2
3612,1
3613,1
3615,4
3616,4
3617,12
3619,3
3620,2
3621,38
3623,5
3625,72
3626,5
3627,1
3628,1
3629,1
3631,5
3632,6
3633,5
3634,5
3635,3
3636,24
3637,4
3639,2
3640,6
3641,2
3642,1
3643,1
3645,5
3646,1
3649,2
3650,1
3652,4
3653,8
3654,1
3655,2
3656,3
3657,1
3658,1
3659,1
3660,3
3662,1
3664,38
3665,4
3666,1
3668,1
3669,2
3670,2
3672,6
3673,1
3674,1
3675,5
3676,4
3677,3
3681,2
3682,1
3683,10
3685,1
3686,32
3687,1
3688,1
3689,1
3690,1
3691,3
3692,2
3694,1
3695,2
3696,2
3697,1
3698,2
3699,2
3700,8
3701,2
3702,1
3703,1
3705,1
3706,34
3707,1
3708,2
3709,2
3710,4
3711,2
3712,2
3713,5
3714,2
3715,1
3717,1
3718,2
3719,2
3720,2
3721,3
3722,18
3723,1
3725,5
3729,1
3730,1
3731,1
3733,5
3734,5
3735,3
3736,8
3737,3
3738,5
3739,6
3740,3
3746,2
3747,1
3748,1
3752,5
3753,4
3755,3
3756,3
3757,4
3758,1
3760,3
3761,2
3764,6
3765,1
3767,1
3769,1
3770,1
3771,1
3772,3
3773,1
3775,5
3777,2
3778,1
3780,2
3781,2
3782,7
3783,9
3784,3
3785,2
3786,27
3788,1
3790,1
3791,2
3792,2
3793,3
3796,5
3797,1
3798,1
3799,3
3800,3
3801,1
3803,1
3804,1
3806,7
3807,3
3808,5
3809,1
3813,2
3815,4
3816,3
3818,8
3819,1
3820,1
3821,23
3823,3
3824,3
3825,8
3826,1
3828,2
3829,3
3830,5
3831,4
3832,5
3833,26
3834,42
3836,32
3838,1
3839,1
3840,2
3841,1
3843,1
3845,1
3846,1
3847,1
3848,2
3850,3
3852,3
3853,1
3854,6
3855,2
3856,2
3857,3
3858,1
3859,1
3860,2
3861,3
3862,2
3863,4
3864,8
3865,1
3866,1
3868,4
3869,1
3870,3
3871,4
3873,1
3874,3
3875,32
3877,11
3878,1
3880,1
3881,4
3882,66
3883,1
3884,1
3886,2
3887,16
3888,1
3889,6
3890,11
3891,2
3892,1
3893,1
3894,1
3895,2
3896,3
3897,2
3900,3
3901,2
3902,19
3903,1
3904,1
3905,2
3906,3
3908,13
3909,1
3910,6
3911,1
3912,1
3913,1
3914,2
3915,6
3917,3
3918,1
3920,2
3921,1
3922,92
3923,2
3924,2
3925,7
3926,2
3927,2
3928,4
3929,3
3930,9
3931,1
3932,2
3933,9
3934,4
3935,1
3936,1
3937,5
3938,5
3939,24
3940,14
3941,16
3942,9
3943,1
3944,1
3946,1
3947,3
3949,1
3950,1
3951,1
3952,1
3953,27
3954,1
3955,1
3956,1
3957,1
3960,1
3962,1
3963,1
3964,12
3965,2
3966,2
3968,1
3969,3
3970,1
3971,5
3972,1
3973,1
3974,1
3975,7
3976,1
3977,1
3981,9
3983,11
3984,4
3985,4
3986,109
3987,1
3989,1
3991,7
3992,3
3995,4
3996,3
3998,5
4000,1
4001,2
4004,1
4005,1
4006,2
4007,1
4008,6
4010,2
4012,1
4014,5
4015,1
4016,1
4018,1
4020,3
4022,12
4023,2
4024,2
4025,13
4027,3
4028,2
4029,24
4031,1
4033,12
4034,4
4035,2
4036,1
4037,6
4039,1
4040,1
4042,1
4043,1
4044,1
4045,3
4047,2
4048,2
4049,1
4050,1
4053,4
4054,1
4055,5
4056,1
4057,1
4058,1
4060,2
4062,1
4063,2
4064,7
4065,1
4066,1
4068,1
4069,2
4070,1
4071,2
4073,5
4074,2
4075,10
4078,1
4082,3
4083,8
4085,6
4086,8
4087,2
4088,1
4089,1
4093,1
4095,1
4098,2
4099,1
4101,2
4102,1
4105,3
4106,2
4108,3
4110,1
4111,2
4112,2
4113,2
4114,1
4115,7
4118,1
4120,1
4121,1
4122,16
4123,3
4124,3
4125,23
4127,1
4128,3
4129,3
4130,3
4131,2
4133,8
4134,2
4135,2
4136,4
4137,3
4139,2
4140,3
4141,2
4142,2
4143,2
4145,1
4146,1
4149,1
4152,1
4153,5
4156,2
4159,1
4160,4
4161,1
4162,1
4163,3
4164,26
4165,1
4167,1
4171,2
4172,1
4173,1
4175,11
4176,1
4178,3
4180,1
4182,2
4183,10
4185,1
4186,23
4188,1
4191,1
4192,2
4193,1
4195,1
4196,1
4197,3
4198,2
4199,1
4200,3
4202,1
4203,3
4204,1
4206,19
4207,1
4208,5
4210,1
4212,3
4213,1
4214,1
4217,2
4218,1
4219,1
4220,3
4222,30
4223,1
4224,2
4225,3
4226,1
4227,1
4229,2
4230,2
4233,7
4235,6
4236,4
4237,12
4238,1
4239,9
4241,1
4242,2
4243,7
4244,10
4245,18
4246,6
4247,3
4248,6
4249,12
4250,6
4251,1
4252,11
4254,1
4255,4
4256,1
4257,2
4258,3
4260,2
4261,1
4264,2
4265,2
4266,1
4268,1
4269,2
4270,2
4271,1
4272,3
4273,3
4274,1
4275,3
4276,8
4277,4
4278,3
4280,1
4281,2
4283,7
4284,2
4285,2
4286,1
4287,13
4290,2
4291,2
4293,1
4294,1
4296,2
4297,1
4298,1
4299,1
4301,2
4302,1
4306,1
4308,1
4309,1
4310,1
4311,1
4312,4
4314,1
4315,2
4316,1
4317,1
4319,1
4322,14
4323,2
4324,1
4325,3
4326,3
4327,5
4329,1
4330,4
4332,5
4333,5
4334,105
4335,1
4336,2
4337,27
4339,2
4340,1
4341,2
4343,3
4344,2
4345,1
4347,2
4351,3
4353,1
4354,4
4356,4
4360,2
4362,1
4363,1
4364,10
4365,1
4368,1
4370,2
4372,5
4373,3
4374,1
4375,69
4377,17
4378,1
4379,1
4380,5
4381,6
4382,1
4383,67
4384,8
4387,16
4390,1
4392,2
4393,2
4394,1
4395,2
4397,2
4398,1
4400,2
4401,3
4402,1
4403,1
4404,1
4405,1
4406,7
4407,17
4408,2
4410,1
4411,2
4412,9
4413,1
4414,4
4418,1
4420,1
4421,1
4422,78
4423,8
4424,2
4425,2
4426,1
4427,6
4428,1
4430,3
4432,3
4433,2
4437,3
4441,1
4442,2
4444,2
4445,1
4449,1
4450,2
4451,1
4453,3
4454,11
4455,2
4456,3
4457,2
4459,1
4461,2
4463,2
4464,5
4465,1
4468,2
4471,1
4472,4
4473,1
4474,3
4475,4
4476,4
4477,2
4478,1
4481,1
4483,8
4484,1
4485,1
4486,3
4487,34
4490,1
4495,4
4497,3
4499,1
4502,2
4505,1
4506,2
4507,5
4510,1
4512,2
4514,1
4518,1
4520,1
4522,5
4525,4
4526,1
4528,4
4529,1
4530,6
4532,3
4533,3
4534,5
4535,1
4536,1
4537,4
4538,1
4539,1
4541,1
4542,2
4545,1
4546,2
4547,1
4549,1
4551,2
4552,1
4554,4
4555,2
4562,1
4564,5
4565,1
4566,3
4567,1
4568,2
4570,4
4571,1
4572,1
4574,6
4578,1
4580,1
4581,2
4583,10
4584,6
4585,1
4587,4
4588,1
4593,1
4594,1
4597,1
4598,1
4599,2
4600,2
4601,2
4604,1
4605,2
4606,1
4607,3
4610,1
4611,5
4614,1
4615,1
4616,1
4618,2
4620,1
4622,4
4623,2
4624,2
4625,62
4626,2
4630,1
4631,1
4632,13
4633,2
4634,5
4637,4
4639,2
4641,2
4643,1
4644,2
4647,1
4650,1
4652,2
4654,2
4655,2
4656,3
4657,2
4658,1
4659,1
4662,2
4663,1
4664,54
4665,1
4666,1
4669,3
4671,1
4672,1
4673,1
4674,4
4678,1
4681,3
4683,3
4684,2
4685,2
4687,5
4688,1
4691,1
4692,1
4694,2
4695,2
4697,2
4699,2
4700,8
4701,1
4702,1
4704,1
4705,1
4706,26
4707,5
4709,1
4710,4
4711,2
4714,2
4715,1
4717,1
4718,3
4719,1
4720,1
4722,2
4724,2
4725,2
4729,1
4730,1
4732,1
4733,1
4735,1
4736,2
4737,7
4739,13
4744,1
4747,1
4752,1
4753,1
4754,1
4755,1
4756,1
4757,6
4760,2
4761,2
4763,1
4764,4
4772,1
4774,3
4778,2
4783,2
4784,2
4786,1
4787,6
4790,1
4791,3
4792,1
4797,3
4800,1
4806,2
4807,5
4808,1
4809,1
4810,1
4812,1
4816,1
4817,1
4818,1
4821,2
4822,5
4823,1
4824,4
4825,5
4827,1
4828,1
4830,4
4832,13
4833,1
4834,19
4837,20
4839,3
4840,3
4841,1
4843,1
4845,1
4846,1
4847,1
4849,2
4852,2
4853,1
4854,3
4856,3
4857,1
4860,1
4862,1
4864,2
4865,1
4867,1
4869,1
4870,2
4874,25
4875,1
4876,1
4877,6
4878,2
4881,4
4883,19
4886,2
4887,9
4888,1
4892,1
4895,2
4896,1
4897,5
4898,1
4899,2
4900,1
4901,1
4902,1
4903,1
4906,3
4907,9
4910,3
4912,2
4913,1
4914,1
4917,1
4921,4
4922,21
4923,6
4925,13
4926,1
4928,1
4929,1
4930,4
4932,6
4934,2
4939,2
4940,1
4943,2
4948,1
4949,1
4954,9
4956,3
4957,2
4959,2
4960,1
4964,36
4965,2
4969,2
4970,1
4972,3
4973,4
4974,4
4976,2
4980,2
4981,2
4982,2
4983,2
4984,1
4985,2
4986,2
4987,30
4988,1
4990,1
4991,2
4992,1
4993,1
4997,2
4999,1
5004,1
5005,1
5006,2
5007,4
5015,1
5017,1
5020,1
5022,4
5024,3
5025,1
5026,2
5028,2
5030,13
5032,4
5034,5
5036,1
5037,4
5039,5
5040,1
5041,1
5044,1
5047,1
5050,1
5052,1
5053,1
5055,1
5056,1
5057,1
5060,1
5064,3
5066,1
5067,1
5070,1
5071,1
5072,1
5074,8
5077,2
5081,1
5082,1
5083,2
5084,9
5087,1
5088,1
5089,1
5091,3
5094,1
5099,1
5100,1
5104,1
5105,1
5106,2
5107,4
5109,2
5110,1
5114,1
5122,2
5123,1
5125,16
5131,1
5132,1
5133,2
5134,2
5135,1
5137,5
5139,4
5143,2
5144,1
5152,1
5155,2
5156,1
5157,1
5158,3
5159,1
5160,1
5161,1
5164,16
5166,1
5170,1
5172,2
5174,4
5175,1
5177,1
5180,1
5181,4
5183,6
5184,1
5186,1
5189,1
5190,1
5192,1
5195,1
5197,3
5198,1
5200,2
5204,1
5206,17
5207,1
5211,1
5214,1
5215,1
5217,3
5220,3
5222,8
5223,2
5225,6
5226,5
5227,2
5228,1
5229,2
5230,1
5232,2
5233,2
5234,2
5235,1
5237,5
5239,6
5241,1
5242,2
5246,1
5248,1
5250,1
5251,1
5252,5
5253,1
5254,5
5255,2
5256,1
5258,1
5259,2
5264,6
5266,1
5267,1
5271,1
5273,1
5274,1
5275,3
5277,1
5279,2
5280,1
5281,4
5283,5
5287,1
5289,4
5290,2
5291,1
5292,1
5293,1
5297,2
5300,2
5305,1
5306,3
5308,1
5309,1
5313,2
5314,5
5315,3
5316,1
5318,1
5321,2
5322,7
5323,1
5324,4
5330,1
5332,16
5333,1
5334,22
5336,1
5337,24
5338,2
5342,2
5344,1
5346,1
5350,3
5352,1
5353,5
5354,2
5355,1
5357,1
5358,2
5359,2
5363,4
5368,2
5373,2
5374,22
5376,1
5377,11
5378,1
5379,1
5381,1
5383,36
5384,2
5386,1
5389,1
5391,1
5392,2
5396,1
5397,1
5398,1
5405,2
5407,4
5408,2
5411,2
5412,4
5414,1
5415,1
5417,1
5422,16
5423,3
5424,1
5427,1
5428,1
5430,1
5432,6
5433,1
5435,1
5437,3
5438,3
5440,1
5446,1
5448,1
5449,3
5450,1
5452,1
5453,1
5454,3
5455,2
5456,3
5461,1
5463,2
5464,7
5466,1
5474,1
5476,1
5480,1
5481,1
5487,23
5494,1
5497,1
5498,1
5501,2
5503,1
5505,2
5507,1
5509,1
5511,1
5515,2
5516,1
5522,2
5523,2
5524,2
5530,6
5532,2
5536,1
5537,1
5538,2
5539,1
5541,1
5548,2
5549,2
5562,1
5563,1
5564,2
5565,1
5568,1
5572,3
5577,1
5582,1
5583,1
5584,3
5586,2
5587,1
5594,3
5595,1
5597,1
5600,1
5605,1
5607,2
5614,2
5616,1
5622,3
5624,22
5627,2
5628,1
5637,1
5642,1
5644,2
5648,1
5652,1
5654,1
5656,1
5658,2
5663,10
5666,1
5671,1
5674,2
5676,1
5680,1
5681,1
5683,1
5684,1
5685,1
5686,1
5687,3
5692,2
5693,1
5694,1
5696,1
5697,2
5698,1
5699,1
5705,4
5710,2
5713,1
5722,5
5724,1
5735,1
5737,6
5738,4
5739,1
5742,1
5748,1
5749,1
5750,1
5754,2
5756,1
5760,2
5761,1
5763,3
5772,1
5776,2
5778,1
5780,2
5781,1
5783,6
5785,1
5787,3
5789,1
5790,2
5797,2
5798,1
5799,1
5800,1
5803,1
5805,1
5806,1
5821,1
5822,3
5824,2
5828,2
5830,1
5832,10
5835,12
5837,7
5838,1
5840,2
5841,1
5842,1
5844,1
5845,1
5850,1
5852,2
5854,1
5855,1
5859,1
5863,2
5864,1
5865,1
5866,3
5867,1
5873,1
5874,8
5878,2
5880,2
5883,9
5884,2
5887,4
5894,1
5896,2
5897,2
5899,1
5908,1
5914,1
5920,1
5921,1
5922,8
5925,1
5929,1
5932,3
5933,1
5935,2
5937,3
5938,1
5940,1
5944,1
5946,1
5949,1
5950,2
5953,1
5954,4
5956,1
5962,1
5963,1
5964,1
5972,1
5975,1
5977,1
5982,2
5985,1
5986,1
5987,25
5989,1
5991,1
5992,1
5997,5
5998,1
5999,1
6007,2
6009,1
6013,2
6022,1
6024,1
6025,1
6027,1
6029,1
6030,9
6032,2
6034,2
6037,1
6054,1
6060,1
6063,2
6070,1
6075,1
6080,1
6081,1
6083,1
6085,4
6095,1
6102,1
6107,2
6112,1
6114,1
6122,4
6124,16
6128,1
6129,1
6131,1
6132,5
6133,1
6135,4
6136,1
6137,2
6139,1
6143,1
6152,1
6164,1
6167,1
6175,1
6176,1
6178,2
6179,1
6181,1
6182,2
6183,2
6184,2
6186,1
6187,1
6188,1
6189,1
6201,1
6204,1
6205,5
6208,1
6210,1
6212,1
6222,3
6223,1
6227,2
6229,1
6232,1
6234,2
6235,4
6237,5
6240,1
6242,1
6250,1
6251,2
6252,1
6254,1
6263,2
6264,2
6267,1
6273,1
6278,2
6280,2
6281,2
6283,5
6284,1
6286,1
6290,1
6295,1
6297,1
6299,1
6307,2
6311,1
6313,1
6322,3
6323,1
6324,1
6325,1
6332,4
6334,2
6335,36
6336,1
6337,21
6338,1
6340,1
6344,1
6347,10
6351,2
6354,2
6356,1
6362,1
6366,2
6372,1
6374,13
6376,2
6378,16
6381,2
6382,1
6383,54
6387,1
6399,1
6401,1
6402,1
6407,1
6410,1
6411,4
6421,1
6422,31
6424,2
6432,2
6433,1
6435,2
6437,1
6445,2
6449,3
6450,1
6451,1
6454,1
6455,2
6463,1
6464,5
6472,2
6474,2
6475,1
6477,1
6483,1
6485,1
6487,9
6490,1
6493,1
6494,1
6495,1
6497,2
6499,2
6500,1
6503,1
6514,1
6520,1
6523,3
6524,3
6529,1
6530,4
6531,1
6532,1
6537,2
6540,2
6542,1
6545,1
6551,1
6554,1
6563,1
6564,1
6574,1
6576,1
6581,1
6583,1
6585,4
6595,1
6596,2
6597,1
6598,1
6601,1
6606,1
6620,1
6622,1
6624,8
6633,1
6637,3
6645,2
6646,1
6654,5
6663,2
6665,2
6671,1
6683,14
6697,1
6698,1
6704,4
6705,3
6712,1
6722,28
6723,1
6724,2
6732,1
6733,1
6735,1
6737,5
6738,1
6739,6
6744,1
6751,2
6759,1
6777,1
6780,1
6781,1
6787,1
6788,1
6790,2
6794,2
6796,1
6797,1
6811,1
6814,1
6822,1
6825,1
6827,1
6830,1
6832,7
6834,1
6835,12
6837,4
6842,1
6848,1
6851,5
6853,1
6855,1
6861,1
6863,1
6874,9
6878,3
6879,1
6883,13
6887,2
6893,2
6894,1
6896,1
6897,2
6904,1
6907,3
6911,1
6913,1
6914,1
6921,1
6922,4
6924,1
6925,1
6926,1
6927,1
6937,1
6938,1
6939,2
6950,1
6952,1
6954,5
6958,1
6963,1
6964,8
6975,2
6977,1
6978,2
6982,1
6983,2
6987,11
6988,1
6989,1
6990,1
6991,2
6997,3
6999,1
7002,1
7004,1
7008,1
7010,1
7016,2
7022,1
7027,1
7028,1
7029,1
7030,5
7036,2
7038,1
7039,1
7047,1
7048,1
7049,1
7055,1
7064,4
7072,2
7073,1
7074,1
7076,1
7079,1
7083,4
7097,1
7101,1
7103,1
7107,1
7112,1
7118,1
7119,1
7122,2
7124,14
7133,2
7134,1
7135,1
7144,1
7153,1
7160,1
7162,2
7163,2
7164,1
7167,1
7173,1
7176,1
7178,1
7183,4
7184,1
7194,2
7197,2
7198,2
7200,1
7205,4
7207,1
7217,1
7218,1
7221,1
7222,1
7224,3
7233,1
7234,1
7237,3
7238,3
7269,1
7273,1
7276,1
7281,1
7285,1
7286,2
7288,1
7298,1
7301,1
7310,1
7311,1
7321,1
7323,1
7327,2
7331,1
7332,4
7335,9
7337,9
7339,1
7344,1
7349,1
7356,1
7357,1
7374,8
7378,7
7381,1
7383,7
7387,1
7391,1
7394,1
7395,1
7403,1
7407,2
7408,1
7412,1
7418,1
7422,5
7423,1
7432,1
7433,1
7435,3
7437,2
7445,1
7450,1
7452,2
7454,1
7461,1
7464,2
7472,1
7480,1
7487,6
7497,3
7502,1
7507,1
7511,1
7522,1
7530,1
7539,1
7540,1
7545,1
7560,1
7564,1
7574,3
7580,1
7583,1
7587,1
7595,1
7600,1
7622,2
7624,13
7633,2
7634,1
7639,2
7641,1
7654,2
7657,1
7663,7
7680,1
7683,1
7687,1
7697,1
7700,1
7705,1
7726,1
7733,1
7737,4
7738,1
7739,1
7761,1
7764,1
7772,1
7783,4
7785,1
7794,1
7800,1
7822,1
7823,1
7827,1
7829,2
7832,2
7834,3
7837,2
7841,1
7853,1
7854,2
7874,7
7875,1
7877,1
7883,4
7886,1
7887,3
7889,1
7892,1
7895,2
7904,1
7905,2
7907,1
7914,1
7930,2
7934,1
7942,1
7943,2
7951,1
7954,8
7955,1
7964,1
7982,2
7983,2
7986,1
7987,30
7988,2
8011,2
8014,1
8018,2
8024,1
8028,1
8030,6
8032,5
8039,1
8054,1
8055,1
8056,1
8063,4
8072,1
8077,1
8082,1
8087,1
8097,1
8101,3
8107,1
8124,8
8129,1
8133,3
8151,1
8156,2
8157,2
8179,1
8183,2
8187,1
8204,2
8205,1
8222,1
8226,1
8232,1
8234,2
8237,3
8238,1
8242,1
8245,1
8247,1
8265,1
8273,1
8274,3
8275,1
8281,1
8283,1
8290,1
8307,1
8322,1
8324,5
8332,4
8334,4
8337,2
8342,3
8354,1
8356,1
8374,7
8377,2
8381,1
8383,6
8386,1
8405,1
8407,1
8429,1
8433,1
8454,3
8464,2
8481,1
8487,6
8496,1
8497,1
8510,1
8512,1
8514,2
8530,2
8537,1
8540,1
8546,1
8554,3
8563,2
8570,2
8574,3
8576,1
8578,1
8582,1
8598,1
8607,1
8609,1
8614,1
8624,10
8633,3
8638,1
8683,1
8702,1
8711,1
8716,1
8731,1
8736,1
8738,1
8747,1
8754,1
8762,1
8764,1
8777,1
8796,1
8814,1
8832,1
8834,3
8843,1
8871,1
8872,1
8874,6
8883,5
8888,1
8900,1
8901,2
8907,2
8913,1
8921,1
8922,1
8924,1
8926,1
8934,1
8945,1
8954,3
8962,1
8987,7
8994,1
8997,6
9006,1
9009,1
9028,1
9030,2
9040,1
9043,1
9054,1
9061,1
9074,1
9083,2
9087,1
9095,1
9100,1
9102,1
9124,8
9129,2
9133,3
9138,1
9159,1
9163,1
9171,1
9187,2
9197,1
9200,1
9227,1
9238,1
9251,1
9258,1
9275,1
9287,1
9304,1
9306,1
9316,1
9330,1
9332,12
9334,2
9337,1
9351,1
9352,1
9374,10
9375,1
9383,4
9385,1
9392,1
9401,1
9405,1
9407,5
9422,3
9423,1
9434,1
9439,1
9448,1
9454,1
9460,2
9474,2
9475,1
9476,1
9485,1
9487,1
9497,1
9501,1
9507,2
9521,1
9532,1
9547,1
9555,1
9560,1
9587,1
9599,1
9603,1
9624,8
9625,1
9632,1
9633,3
9634,1
9637,1
9651,1
9663,8
9683,1
9687,2
9689,1
9700,1
9705,2
9706,1
9716,1
9717,1
9730,1
9732,1
9738,3
9739,1
9747,1
9773,1
9775,1
9777,3
9779,1
9805,1
9814,1
9822,1
9834,3
9849,1
9852,1
9863,1
9874,1
9881,1
9883,3
9887,1
9895,1
9907,1
9913,2
9925,1
9931,1
9954,2
9957,1
9963,1
9964,1
9972,1
9983,2
9985,1
9987,3
9997,1
10004,1
10018,2
10033,2
10037,6
10063,1
10065,2
10109,1
10124,3
10133,3
10153,1
10187,1
10192,1
10224,1
10227,1
10229,1
10238,1
10251,1
10256,1
10271,1
10307,1
10313,1
10314,1
10332,1
10334,4
10337,1
10355,1
10357,1
10383,4
10388,1
10407,2
10415,1
10430,1
10463,1
10467,1
10473,1
10483,1
10487,1
10497,1
10534,1
10543,1
10550,1
10583,1
10587,1
10617,1
10622,1
10624,2
10633,3
10647,1
10651,1
10666,1
10674,1
10704,1
10708,1
10738,2
10751,1
10797,1
10812,1
10822,1
10832,1
10834,2
10854,1
10883,5
10888,1
10905,1
10922,2
10941,1
10948,1
10954,1
10967,1
10987,1
10997,1
11037,2
11038,1
11082,1
11083,1
11115,2
11133,1
11134,1
11142,1
11148,1
11183,1
11232,1
11246,1
11290,1
11298,1
11321,1
11326,1
11332,1
11334,1
11337,2
11354,1
11356,1
11377,2
11383,7
11407,1
11410,1
11422,4
11430,2
11454,1
11464,1
11465,1
11467,1
11487,2
11497,3
11524,1
11530,1
11534,2
11538,1
11555,2
11583,1
11622,1
11624,1
11646,2
11649,1
11663,1
11672,1
11738,1
11829,1
11832,1
11853,1
11874,1
11883,1
11887,1
11894,1
11907,1
11939,1
11954,1
11987,1
11997,1
12072,1
12073,1
12124,1
12136,1
12175,1
12205,1
12218,1
12238,1
12328,1
12329,1
12332,1
12335,1
12337,1
12347,1
12381,1
12382,1
12407,1
12454,2
12468,1
12487,2
12497,2
12556,1
12578,1
12620,1
12628,1
12647,1
12700,1
12707,1
12708,1
12738,1
12774,1
12832,1
12838,1
12840,2
12882,1
12887,1
12907,1
13009,1
13030,1
13035,1
13057,1
13105,1
13153,1
13218,1
13238,1
13330,1
13332,1
13378,1
13407,1
13497,1
13547,1
13579,1
13612,1
13621,1
13624,1
13682,1
13706,1
13738,1
13767,1
13813,1
13882,1
13907,2
13977,1
13987,1
13997,1
13998,1
14098,1
14124,1
14230,1
14238,2
14280,2
14336,1
14379,1
14382,1
14383,1
14497,1
14597,1
14606,1
14632,1
14653,1
14663,1
14671,1
14745,1
14751,1
14756,1
14800,1
14823,1
14967,1
14977,1
14987,1
14997,1
15101,1
15230,1
15250,1
15298,1
15336,2
15379,1
15383,1
15497,1
15572,1
15633,1
15674,1
15694,1
15711,1
15739,1
15804,1
15836,1
15857,1
15882,1
15936,1
15979,1
15987,1
15997,2
16036,1
16037,1
16056,1
16127,1
16193,1
16196,1
16205,1
16219,1
16221,1
16224,1
16237,11
16251,1
16254,1
16259,1
16279,2
16280,4
16308,1
16313,4
16327,1
16335,1
16336,7
16349,1
16369,1
16383,2
16400,1
16451,1
16455,1
16500,1
16540,1
16545,1
16554,1
16557,1
16570,1
16651,1
16741,1
16873,1
16978,1
16987,2
17030,1
17057,1
17124,1
17488,1
17580,1
17588,1
17600,1
17623,1
17624,2
17707,1
17723,1
17791,1
17806,1
17814,1
17839,1
17851,1
17854,9
17855,1
17875,1
17887,8
17909,1
17920,1
17930,5
17931,1
17944,2
17953,7
18081,1
18106,1
18163,1
18224,1
18324,1
18331,1
18373,1
18406,2
18438,1
18663,1
18690,1
18738,1
18831,2
18958,1
18992,1
19005,1
19060,1
19124,2
19125,1
19131,1
19134,1
19143,1
19162,1
19163,2
19182,1
19223,1
19231,4
19273,5
19306,5
19307,1
19313,1
19328,1
19330,3
19381,1
19383,2
19418,1
19456,1
19457,1
19463,1
19475,1
19509,1
19524,5
19563,2
19580,1
19599,4
19605,3
19606,1
19610,1
19619,1
19621,1
19623,10
19639,1
20197,1
20383,2
20497,1
20750,1
20751,1
20883,1
21022,1
21043,1
21052,1
21092,1
21094,1
21105,2
21137,1
21161,1
21180,1
21184,1
21216,1
21222,1
21234,1
21237,2
21263,1
21266,1
21283,6
21318,1
21322,3
21323,1
21327,1
21334,1
21335,1
21336,9
