distance_ticks,count
0,425168
1,65114
2,38578
3,27326
4,27413
5,28006
6,28981
7,21109
8,18025
9,14532
10,10330
11,6694
12,4460
13,3169
14,2555
15,2441
16,2073
17,1733
18,1703
19,1581
20,1303
21,798
22,657
23,700
24,504
25,524
26,472
27,388
28,408
29,382
30,418
31,466
32,989
33,1493
34,508
35,405
36,320
37,343
38,354
39,395
40,313
41,273
42,326
43,267
44,342
45,319
46,367
47,402
48,451
49,762
50,859
51,400
52,224
53,197
54,111
55,112
56,137
57,123
58,100
59,122
60,143
61,108
62,103
63,74
64,65
65,92
66,80
67,52
68,70
69,59
70,54
71,52
72,87
73,156
74,595
75,274
76,136
77,101
78,74
79,79
80,179
81,503
82,188
83,140
84,132
85,137
86,197
87,239
88,279
89,125
90,97
91,97
92,99
93,66
94,69
95,61
96,67
97,47
98,50
99,98
100,180
101,170
102,184
103,109
104,168
105,196
106,82
107,110
108,86
109,88
110,67
111,79
112,98
113,59
114,91
115,72
116,67
117,81
118,87
119,52
120,84
121,67
122,48
123,73
124,184
125,427
126,453
127,350
128,156
129,87
130,73
131,64
132,70
133,76
134,126
135,63
136,79
137,57
138,55
139,52
140,56
141,61
142,66
143,43
144,53
145,53
146,45
147,163
148,407
149,1369
150,2496
151,2103
152,517
153,51
154,32
155,26
156,50
157,39
158,53
159,80
160,51
161,73
162,75
163,82
164,72
165,79
166,108
167,94
168,117
169,631
170,2583
171,3061
172,902
173,300
174,82
175,88
176,53
177,27
178,40
179,41
180,30
181,35
182,39
183,40
184,165
185,52
186,57
187,27
188,26
189,25
190,21
191,17
192,12
193,20
194,33
195,40
196,32
197,21
198,31
199,36
200,72
201,38
202,33
203,43
204,26
205,26
206,29
207,16
208,10
209,18
210,7
211,13
212,10
213,7
214,8
215,9
216,13
217,2
218,20
219,6
220,26
221,24
222,29
223,214
224,1332
225,3220
226,482
227,37
228,10
229,7
230,14
231,11
232,4
233,10
234,8
235,12
236,59
237,91
238,6
239,3
240,142
241,94
242,63
243,319
244,1379
245,1855
246,1057
247,369
248,64
249,22
250,20
251,19
252,7
253,2
254,4
255,4
256,16
257,10
258,10
259,21
260,6
261,19
262,7
263,7
264,5
265,11
266,10
267,9
268,12
269,11
270,25
271,61
272,693
273,8
274,5
275,17
276,3
277,5
278,2
279,2
280,6
281,1
282,10
283,6
284,7
285,9
286,29
287,16
288,2
289,4
290,24
291,4
292,2
293,2
294,4
295,7
296,4
297,10
298,6
299,6
300,11
301,6
302,3
303,3
304,14
305,8
306,10
307,11
308,2
309,8
310,10
311,7
312,3
313,5
314,20
315,12
316,6
317,5
318,7
319,3
320,6
321,27
322,36
323,2
324,20
325,205
326,6
327,11
328,5
329,5
330,6
331,8
332,6
333,4
334,10
335,11
336,3
337,91
338,4
339,4
340,48
341,11
342,4
343,9
344,6
345,4
346,4
347,5
348,2
349,14
350,9
351,4
352,7
353,5
354,4
355,6
356,20
357,27
358,8
359,51
360,8
361,15
362,5
363,13
364,11
365,16
366,8
367,12
368,7
369,9
370,14
371,22
372,151
373,8
374,10
375,35
376,4
377,8
378,11
379,8
380,6
381,15
382,10
383,8
384,6
385,11
386,4
387,23
388,6
389,6
390,12
391,8
392,7
393,9
394,55
395,7
396,10
397,9
398,13
399,57
400,10
401,11
402,11
403,11
404,13
405,11
406,7
407,9
408,5
409,20
410,6
411,6
412,8
413,7
414,8
415,13
416,11
417,8
418,11
419,6
420,7
421,34
422,17
423,4
424,3
425,7
426,7
427,11
428,9
429,110
430,7
431,8
432,4
433,6
434,7
435,8
436,7
437,127
438,10
439,14
440,97
441,10
442,14
443,7
444,11
445,10
446,5
447,6
448,8
449,11
450,11
451,20
452,22
453,13
454,12
455,57
456,10
457,12
458,12
459,17
460,16
461,8
462,8
463,8
464,9
465,10
466,5
467,8
468,4
469,6
470,6
471,8
472,78
473,5
474,4
475,3
476,5
477,18
478,2
479,28
480,3
481,4
482,6
483,5
484,8
485,5
486,9
487,37
488,3
489,7
490,3
491,1
492,8
493,14
494,6
495,3
496,4
497,11
498,3
499,5
500,5
501,7
502,3
503,5
504,9
505,6
506,2
507,7
508,5
509,17
510,54
511,3
512,9
513,5
514,3
515,5
516,7
517,13
518,16
519,13
520,4
521,32
522,35
523,7
524,6
525,10
526,9
527,14
528,4
529,420
530,8
531,13
532,27
533,2
534,4
535,14
536,14
537,547
538,11
539,16
540,18
541,65
542,5
543,4
544,9
545,5
546,6
547,17
548,3
549,5
550,3
551,1
552,8
553,1
554,7
555,4
556,6
557,9
558,1
559,9
560,14
561,14
562,9
563,2
564,5
565,3
566,8
567,7
568,5
569,12
570,7
571,7
572,161
573,6
574,4
575,3
576,5
577,3
578,6
579,35
580,6
581,3
582,3
583,7
584,5
585,6
586,3
587,28
588,4
589,8
590,1
591,12
592,11
593,2
594,2
595,1
596,7
597,8
598,50
599,13
600,4
601,2
602,4
603,3
604,12
605,3
606,7
607,8
608,5
609,14
610,40
611,4
612,4
613,4
614,3
615,3
616,4
617,13
618,1
619,8
620,3
621,2
622,11
623,4
624,5
625,11
626,6
627,9
628,7
629,256
630,4
631,4
632,1
633,4
635,5
636,132
637,447
638,3
639,5
640,2
641,48
642,11
644,4
645,5
646,2
647,57
648,2
649,4
650,3
651,6
652,8
653,8
654,32
655,59
656,134
657,193
658,327
659,769
660,1159
661,1336
662,1307
663,1510
664,851
665,265
666,78
667,21
668,7
669,5
670,2
671,3
672,99
673,2
674,2
675,1
676,3
678,3
680,4
681,2
682,6
684,2
685,2
686,1
687,34
688,1
689,2
690,3
691,12
692,1
693,1
694,4
695,5
696,5
697,4
698,3
700,41
701,13
702,2
703,3
704,5
705,8
706,2
707,6
708,2
709,3
710,31
711,7
712,5
714,3
715,2
716,2
718,3
719,2
720,2
721,10
722,15
723,3
724,3
725,6
726,3
727,3
728,3
729,3
730,1
731,3
732,7
733,2
734,1
735,4
736,9
737,236
738,2
739,5
740,8
741,269
742,2
743,1
744,1
745,3
747,4
748,1
749,2
750,4
751,6
752,2
753,2
755,2
756,1
757,7
758,4
759,3
760,16
761,14
762,5
763,2
765,2
766,8
767,3
768,2
769,5
770,4
771,13
772,4
773,1
774,3
775,2
776,5
777,3
778,1
779,7
780,21
781,587
782,8
783,6
784,1
785,2
786,7
787,39
788,1
789,1
790,2
791,14
793,1
794,1
795,2
796,2
797,5
798,4
799,1
800,1
801,3
802,3
804,9
805,2
806,6
807,3
808,2
809,2
810,36
811,13
812,3
813,3
814,1
815,11
816,7
817,6
818,1
819,1
820,1
821,12
822,4
823,1
824,1
825,7
826,2
827,3
828,1
829,4
830,4
831,15
832,2
833,1
835,6
836,3
837,120
838,4
839,3
840,2
841,54
842,1
843,1
844,2
845,3
847,3
848,1
850,3
851,3
852,3
853,2
854,2
855,1
856,4
857,31
858,2
859,4
860,19
861,4
862,5
864,1
865,1
866,1
867,3
868,3
869,3
870,2
871,4
872,1
874,1
875,2
876,2
877,3
878,8
879,8
880,1
881,68
882,11
883,42
884,36
885,43
886,66
887,82
888,69
889,72
890,106
891,57
892,72
893,91
894,62
895,93
896,37
897,48
898,38
899,13
900,31
901,22
902,21
903,7
904,26
905,16
906,25
907,34
908,19
909,19
910,58
911,67
912,36
913,15
914,17
915,32
916,30
917,15
918,64
919,80
920,98
921,68
922,61
923,55
924,43
925,54
926,71
927,32
928,37
929,34
930,28
931,40
932,11
933,65
934,38
935,50
936,94
937,180
938,209
939,91
940,108
941,170
942,106
943,81
944,72
945,72
946,74
947,48
948,101
949,48
950,51
951,67
952,66
953,28
954,29
955,75
956,8
957,52
958,38
959,34
960,30
961,71
962,68
963,44
964,63
965,34
966,26
967,35
968,60
969,15
970,23
971,27
972,29
973,16
974,21
975,24
976,24
977,20
978,31
979,15
980,25
981,58
983,8
984,3
985,8
986,8
987,18
988,24
989,3
990,5
991,11
992,10
993,1
994,4
995,5
996,10
997,5
998,3
999,2
1000,74
1001,3
1002,2
1003,3
1004,1
1005,7
1006,4
1007,5
1008,3
1009,6
1010,149
1011,5
1012,7
1013,3
1014,4
1015,1
1016,1
1017,6
1018,10
1019,2
1020,2
1021,30
1022,5
1023,2
1024,1
1025,3
1026,6
1027,5
1028,5
1029,1
1030,4
1031,6
1032,2
1033,7
1035,5
1036,11
1037,369
1038,114
1039,2
1040,3
1041,56
1042,6
1043,2
1044,1
1045,1
1046,5
1047,1
1048,3
1049,1
1050,3
1051,1
1052,2
1054,1
1056,3
1057,8
1059,1
1060,9
1061,6
1063,1
1064,1
1066,2
1067,3
1068,1
1069,2
1070,1
1072,3
1073,4
1074,1
1075,3
1078,1
1079,1
1080,3
1081,10
1082,4
1083,6
1086,1
1087,13
1088,15
1090,1
1091,8
1092,1
1093,1
1094,2
1096,1
1097,1
1098,6
1100,2
1101,1
1102,1
1106,5
1107,14
1108,2
1109,1
1110,38
1111,2
1112,3
1113,4
1114,2
1115,2
1117,6
1118,10
1119,2
1120,4
1121,11
1123,24
1124,1
1125,2
1126,10
1127,6
1128,14
1129,3
1130,1
1131,3
1132,3
1133,3
1134,1
1135,5
1136,10
1137,117
1138,460
1139,6
1140,4
1141,31
1142,3
1143,2
1146,3
1147,1
1148,4
1149,3
1151,5
1152,1
1154,2
1155,1
1157,2
1158,4
1159,4
1160,5
1161,36
1162,5
1163,26
1164,16
1165,20
1166,27
1167,34
1168,35
1169,32
1170,48
1171,26
1172,35
1173,41
1174,30
1175,42
1176,15
1177,19
1178,17
1179,7
1180,12
1181,22
1182,13
1183,6
1184,11
1185,10
1186,11
1187,15
1188,12
1189,10
1190,17
1191,36
1192,15
1193,7
1194,14
1195,14
1196,12
1197,7
1198,30
1199,35
1200,42
1201,30
1202,27
1203,26
1204,23
1205,22
1206,33
1207,18
1208,16
1209,15
1210,69
1211,16
1212,9
1213,29
1214,18
1215,21
1216,42
1217,47
1218,43
1219,37
1220,46
1221,72
1222,49
1223,43
1224,35
1225,37
1226,44
1227,23
1228,46
1229,26
1230,27
1231,37
1232,35
1233,14
1234,11
1235,39
1236,8
1237,88
1238,44
1239,20
1240,20
1241,295
1242,36
1243,22
1244,30
1245,17
1246,14
1247,18
1248,32
1249,9
1250,12
1251,17
1252,14
1253,6
1254,10
1255,12
1256,12
1257,9
1258,15
1259,7
1260,4
1261,6
1265,3
1266,5
1267,7
1268,6
1269,3
1270,2
1271,3
1272,1
1273,1
1274,1
1275,2
1276,3
1277,1
1279,1
1280,5
1281,110
1282,2
1287,12
1288,2
1289,3
1291,4
1295,1
1298,2
1300,2
1301,1
1302,1
1304,2
1305,1
1306,21
1307,3
1309,1
1310,28
1311,4
1312,1
1314,1
1315,3
1316,5
1317,1
1320,2
1321,6
1323,1
1324,2
1325,2
1326,2
1327,5
1330,1
1332,2
1335,2
1336,4
1337,111
1338,21
1339,2
1340,1
1341,20
1344,2
1345,2
1346,2
1347,2
1349,2
1350,1
1352,2
1355,1
1356,3
1357,10
1358,2
1359,2
1360,11
1361,1
1362,2
1363,1
1364,2
1366,2
1367,1
1368,1
1369,1
1370,1
1371,2
1372,1
1373,3
1374,1
1376,1
1377,2
1380,2
1381,15
1382,1
1383,1
1385,2
1387,10
1388,4
1389,1
1390,5
1391,6
1392,2
1397,1
1400,2
1401,3
1403,1
1404,2
1405,1
1406,3
1407,3
1408,1
1409,4
1410,31
1412,2
1416,1
1417,3
1418,2
1419,1
1420,1
1421,5
1422,3
1423,1
1424,1
1425,11
1426,1
1427,3
1428,1
1429,1
1430,1
1431,2
1432,2
1433,2
1435,2
1436,6
1437,69
1438,9
1439,1
1440,2
1441,39
1442,1
1445,1
1446,4
1447,1
1448,2
1450,1
1451,2
1452,1
1453,1
1454,1
1456,2
1457,7
1458,3
1459,4
1460,2
1461,2
1462,2
1463,1
1464,2
1465,2
1466,6
1467,1
1468,3
1469,3
1470,1
1471,1
1473,1
1474,1
1475,1
1476,3
1477,2
1480,2
1481,4
1482,3
1483,6
1484,1
1485,1
1486,3
1487,11
1488,1
1489,1
1491,5
1492,1
1493,2
1495,3
1496,1
1497,4
1498,1
1500,2
1501,3
1502,2
1505,3
1506,4
1507,2
1508,2
1509,4
1510,142
1511,4
1513,30
1515,7
1516,2
1517,1
1518,1
1519,1
1520,1
1521,34
1522,2
1524,1
1525,2
1526,5
1527,15
1529,1
1530,2
1531,2
1532,6
1533,1
1534,6
1535,8
1536,18
1537,443
1538,11
1539,1
1540,5
1541,33
1542,4
1545,5
1547,9
1548,3
1549,2
1550,1
1551,1
1552,1
1553,2
1554,2
1555,3
1556,1
1557,1
1558,5
1559,1
1560,3
1562,2
1564,2
1566,2
1567,9
1568,1
1569,3
1570,3
1571,13
1573,1
1575,2
1576,2
1577,1
1578,1
1581,13
1583,2
1584,1
1585,2
1586,1
1587,12
1589,1
1590,1
1591,1
1592,2
1597,1
1598,3
1599,1
1600,4
1601,2
1604,1
1606,1
1607,1
1608,1
1610,31
1611,2
1612,1
1616,1
1617,2
1618,1
1619,1
1621,5
1625,2
1626,1
1627,2
1628,5
1629,7
1630,5
1631,4
1633,2
1634,1
1635,1
1637,46
1638,64
1639,1
1641,36
1642,1
1643,1
1644,1
1645,2
1646,1
1647,3
1648,3
1652,2
1657,23
1659,2
1660,5
1661,4
1663,1
1664,3
1666,3
1667,2
1668,2
1669,5
1670,3
1671,2
1672,1
1676,3
1677,3
1678,1
1679,1
1681,23
1683,2
1684,1
1687,5
1689,1
1690,2
1691,6
1692,1
1693,1
1694,2
1696,1
1697,1
1698,1
1699,1
1700,2
1701,1
1703,1
1705,1
1706,1
1709,1
1710,24
1712,3
1713,1
1714,1
1715,3
1716,1
1717,3
1721,8
1722,1
1723,1
1725,2
1727,1
1730,1
1731,3
1733,1
1735,1
1736,2
1737,44
1738,6
1739,1
1741,171
1742,4
1744,2
1745,1
1746,1
1750,2
1751,4
1752,1
1753,5
1755,18
1756,1
1757,12
1758,31
1759,2
1760,7
1761,5
1762,1
1766,4
1767,3
1768,6
1770,11
1771,2
1772,4
1773,1
1775,2
1776,1
1778,4
1779,1
1780,3
1781,97
1782,2
1783,5
1785,2
1786,2
1787,10
1788,1
1791,5
1793,2
1796,1
1797,3
1799,1
1801,1
1805,1
1806,18
1807,1
1808,2
1810,44
1811,1
1814,8
1815,3
1817,2
1818,23
1821,1
1822,2
1824,5
1826,2
1827,2
1830,2
1831,1
1835,1
1836,6
1837,16
1838,10
1839,3
1840,2
1841,24
1842,2
1843,1
1847,1
1848,3
1850,2
1851,1
1852,1
1853,1
1854,2
1855,1
1856,2
1857,7
1858,2
1860,6
1864,1
1865,2
1866,6
1867,2
1869,3
1870,1
1871,3
1873,4
1874,1
1877,3
1878,3
1880,1
1881,4
1882,1
1883,1
1885,2
1886,2
1887,1
1888,1
1889,1
1890,4
1891,14
1892,3
1893,1
1894,1
1895,1
1896,1
1897,1
1898,3
1900,4
1902,2
1903,1
1905,3
1909,2
1910,27
1911,1
1912,2
1917,3
1918,2
1920,1
1921,3
1922,2
1924,1
1925,2
1927,1
1930,1
1931,1
1933,1
1935,1
1936,2
1937,15
1938,8
1941,8
1944,1
1947,1
1950,1
1951,1
1952,1
1953,3
1956,2
1957,2
1958,1
1960,5
1962,2
1963,3
1965,2
1966,1
1974,1
1977,1
1979,4
1980,2
1981,3
1983,12
1984,1
1986,1
1987,5
1990,2
1991,2
1996,1
1997,1
1998,4
2000,6
2005,3
2008,2
2009,7
2010,208
2011,2
2013,1
2015,1
2016,3
2017,4
2018,5
2020,3
2021,3
2025,1
2026,1
2027,2
2030,2
2031,2
2032,1
2034,1
2036,1
2037,106
2038,3
2039,1
2040,1
2041,19
2045,1
2047,1
2048,1
2050,2
2057,1
2058,1
2060,2
2061,1
2062,4
2065,1
2066,1
2070,1
2072,1
2075,2
2078,2
2081,2
2083,2
2084,1
2087,2
2088,1
2089,1
2090,2
2091,3
2092,1
2093,1
2095,1
2101,1
2104,1
2106,1
2110,17
2111,1
2115,1
2120,1
2121,2
2126,2
2127,3
2132,1
2136,2
2137,26
2138,49
2139,1
2141,11
2143,1
2148,2
2155,1
2157,1
2160,4
2172,1
2180,1
2181,6
2183,2
2186,1
2188,1
2190,2
2191,2
2192,1
2199,2
2202,1
2206,2
2207,3
2209,2
2210,33
2215,2
2217,1
2218,1
2219,1
2221,1
2222,1
2223,2
2225,2
2230,1
2231,4
2233,1
2235,3
2236,1
2237,6
2238,2
2239,1
2240,1
2241,84
2243,2
2257,1
2258,1
2259,1
2260,3
2262,3
2265,1
2271,2
2272,1
2275,1
2276,1
2277,1
2279,3
2280,1
2281,13
2282,2
2283,1
2286,1
2287,1
2291,1
2292,1
2298,1
2300,2
2301,1
2306,4
2308,1
2309,2
2310,21
2316,2
2318,1
2321,2
2322,1
2323,1
2324,1
2327,1
2329,1
2330,1
2332,1
2333,1
2336,1
2337,17
2338,3
2340,1
2341,7
2342,1
2343,1
2344,1
2345,1
2346,2
2350,1
2352,1
2355,2
2357,1
2359,1
2360,4
2361,3
2366,1
2367,1
2370,1
2374,1
2375,1
2381,6
2387,2
2390,3
2391,1
2400,1
2401,1
2403,2
2408,1
2409,2
2410,40
2411,1
2412,3
2415,1
2419,1
2421,2
2423,1
2425,1
2430,1
2431,1
2435,1
2436,1
2437,15
2438,1
2441,15
2442,1
2446,1
2450,1
2458,1
2459,1
2460,7
2462,1
2470,1
2473,2
2474,1
2481,3
2482,1
2483,8
2484,3
2485,2
2487,5
2497,1
2500,3
2505,3
2506,1
2507,1
2509,4
2510,179
2511,3
2512,9
2514,1
2515,2
2517,3
2518,1
2520,2
2521,10
2522,1
2523,1
2524,16
2525,2
2526,1
2527,2
2530,2
2532,2
2533,1
2535,3
2536,3
2537,109
2538,3
2539,3
2541,2
2547,2
2550,1
2554,1
2555,2
2560,8
2562,2
2565,2
2570,1
2581,1
2583,1
2585,1
2587,3
2588,1
2590,2
2593,1
2595,1
2598,1
2603,1
2605,3
2607,3
2609,2
2610,37
2611,2
2615,1
2620,2
2621,1
2625,1
2633,1
2635,5
2637,6
2638,18
2639,1
2640,1
2641,4
2642,2
2643,1
2648,2
2650,1
2651,3
2652,1
2655,1
2656,1
2658,1
2659,1
2660,20
2661,4
2663,1
2665,2
2674,1
2677,1
2678,2
2679,1
2681,2
2682,1
2683,2
2686,2
2687,1
2689,1
2690,2
2700,2
2702,1
2704,2
2709,1
2710,29
2711,1
2720,1
2727,1
2730,1
2733,1
2734,1
2735,2
2736,1
2737,4
2738,1
2741,9
2744,1
2749,1
2755,1
2758,1
2759,1
2760,5
2762,1
2765,1
2766,1
2771,1
2776,1
2777,1
2780,1
2781,8
2783,2
2786,1
2787,5
2789,1
2790,1
2801,1
2805,1
2809,1
2810,28
2813,1
2815,1
2820,1
2823,1
2827,1
2830,1
2831,1
2835,1
2837,2
2841,1
2842,1
2847,1
2848,1
2850,1
2852,2
2853,1
2857,1
2860,6
2861,2
2869,1
2873,1
2875,1
2878,2
2879,1
2880,1
2881,1
2882,1
2883,2
2888,1
2898,3
2900,2
2910,14
2915,1
2921,1
2925,2
2928,2
2932,1
2937,7
2938,8
2941,2
2944,1
2957,2
2959,3
2960,5
2967,2
2970,1
2971,1
2975,1
2978,1
2979,1
2981,1
2982,1
2983,4
2986,2
2989,1
2990,1
2991,1
2993,1
3000,3
3004,1
3005,2
3008,3
3009,4
3010,95
3011,2
3020,1
3021,4
3025,1
3026,1
3027,1
3029,1
3030,2
3031,2
3032,1
3033,1
3034,1
3035,1
3037,13
3038,3
3041,1
3045,1
3047,3
3050,1
3060,3
3073,1
3084,1
3090,2
3091,1
3096,2
3098,2
3102,1
3105,1
3106,2
3109,1
3110,5
3113,1
3115,1
3126,1
3129,1
3130,1
3133,1
3135,3
3136,1
3137,5
3138,22
3143,1
3150,2
3160,2
3170,1
3175,1
3183,3
3184,1
3185,2
3190,1
3205,1
3210,25
3211,1
3229,1
3237,3
3240,2
3241,4
3260,2
3268,2
3269,1
3270,1
3279,1
3281,7
3305,1
3310,4
3321,2
3327,1
3337,1
3338,1
3357,1
3360,2
3370,1
3381,1
3385,1
3397,1
3403,1
3410,3
3425,1
3436,1
3437,1
3438,1
3443,1
3447,2
3473,1
3483,1
3487,1
3496,1
3498,1
3500,1
3505,1
3510,13
3515,1
3521,1
3527,1
3536,1
3537,8
3538,1
3540,1
3562,1
3570,1
3581,1
3583,1
3605,1
3609,1
3610,2
3637,2
3638,13
3648,1
3658,1
3663,1
3670,1
3671,1
3697,1
3703,1
3710,4
3737,3
3738,2
3741,3
3780,1
3781,11
3783,1
3810,2
3816,1
3865,1
3881,1
3888,2
3895,1
3909,1
3910,1
3938,3
3960,1
3993,1
4001,1
4008,1
4009,2
4010,8
4015,1
4016,1
4020,1
4035,1
4037,2
4041,1
4074,1
4090,1
4121,1
4136,1
4137,1
4141,1
4160,1
4168,1
4215,1
4237,1
4241,11
4281,5
4306,2
4323,1
4338,1
4378,1
4381,3
4441,1
4460,1
4510,1
4521,1
4532,1
4537,14
4619,1
4638,5
4650,1
4681,1
4715,1
4738,1
4741,1
4759,1
4814,1
4818,1
4983,1
5010,12
5020,1
5021,1
5037,2
5108,1
5137,2
5138,2
5210,1
5281,2
5327,1
5393,1
5401,2
5410,1
5420,1
5437,1
5510,1
5537,1
5548,1
5638,3
5739,1
5837,1
6010,1
6037,1
6068,1
6138,4
6170,2
6241,2
6317,1
6508,1
6537,1
6637,1
6638,1
6781,1
6902,1
7010,1
7160,1
7537,1
7638,2
7781,1
8115,1
9138,1
10021,1
10026,1
10037,1
10278,1
10669,1
11038,1
11138,4
11337,1
11425,1
11703,1
11781,1
12537,1
13129,1
13138,1
16138,1
16662,1
16781,1
17051,1
27138,1
41138,1
42051,1
42693,1
43448,1
45151,1
59010,1
94241,1
100513,1
19991806,1
