distance_ticks,count
0,51126
1,23760
2,13103
3,11229
4,9529
5,8491
6,9752
7,13203
8,13277
9,11257
10,10807
11,10265
12,9917
13,8670
14,7695
15,6326
16,5240
17,4187
18,3385
19,2620
20,2123
21,1750
22,1485
23,1185
24,1029
25,888
26,800
27,737
28,643
29,556
30,549
31,482
32,438
33,382
34,361
35,321
36,281
37,287
38,321
39,257
40,214
41,203
42,256
43,185
44,176
45,184
46,170
47,241
48,300
49,371
50,655
51,627
52,470
53,311
54,173
55,128
56,123
57,99
58,142
59,154
60,189
61,229
62,266
63,294
64,228
65,208
66,140
67,98
68,92
69,85
70,84
71,77
72,65
73,68
74,64
75,82
76,53
77,58
78,47
79,47
80,52
81,30
82,44
83,39
84,35
85,45
86,25
87,30
88,34
89,29
90,22
91,31
92,17
93,22
94,23
95,22
96,23
97,14
98,17
99,25
100,15
101,19
102,12
103,17
104,15
105,18
106,13
107,18
108,24
109,12
110,18
111,9
112,8
113,9
114,10
115,15
116,12
117,10
118,8
119,15
120,8
121,9
122,15
123,15
124,15
125,5
126,9
127,8
128,11
129,9
130,6
131,8
132,6
133,14
134,6
135,7
136,7
137,5
138,4
139,9
140,11
141,5
142,8
143,5
144,8
145,3
146,3
147,2
148,3
149,2
150,8
151,3
152,2
153,6
154,8
155,3
156,1
157,4
158,4
159,4
160,6
161,2
162,5
163,5
164,4
165,7
166,4
167,10
168,5
169,7
170,4
171,3
172,8
173,8
174,8
175,6
176,8
177,5
178,3
179,13
180,2
181,5
182,5
183,6
184,4
185,6
186,4
187,3
188,4
190,3
191,4
192,9
193,6
194,3
195,1
196,4
197,6
198,7
199,6
200,5
201,5
202,9
203,9
204,5
205,8
206,7
207,5
208,7
209,8
210,7
211,6
212,7
213,10
214,9
215,8
216,4
217,6
218,6
219,7
220,8
221,7
222,9
223,9
224,6
225,9
226,5
227,8
228,4
229,7
230,5
231,6
232,6
233,4
234,3
235,4
236,3
237,5
238,5
239,6
240,8
241,6
242,3
243,7
244,4
245,4
246,6
247,4
248,3
249,6
250,2
251,6
252,2
253,3
254,5
255,4
256,2
257,7
258,2
259,5
260,2
261,3
262,5
263,5
264,4
265,8
266,6
267,12
268,13
269,31
270,62
271,135
272,344
273,811
274,1687
275,2356
276,2847
277,2147
278,1317
279,711
280,310
281,115
282,42
283,18
284,9
285,1
286,3
287,3
288,4
289,1
290,4
291,4
292,5
293,3
295,4
296,4
297,1
298,4
299,1
300,3
301,1
302,4
303,4
304,3
305,9
306,13
307,6
308,4
309,12
310,9
311,7
312,12
313,21
314,43
315,109
316,174
317,420
318,771
319,767
320,720
321,366
322,124
323,97
324,120
325,238
326,366
327,833
328,807
329,2619
330,819
331,846
332,271
333,112
334,34
335,13
336,9
337,7
338,9
339,2
340,7
341,1
342,2
343,4
345,2
346,1
348,2
349,2
350,2
352,2
355,2
357,2
358,1
359,2
360,1
361,1
362,2
363,2
365,1
367,1
368,4
369,1
370,2
371,1
372,2
373,1
374,2
375,1
376,1
378,1
379,1
380,3
381,3
382,1
383,3
384,2
385,2
386,2
387,3
388,3
389,1
390,1
392,1
393,3
395,1
396,2
397,1
399,1
401,2
402,2
405,3
408,1
409,2
410,1
414,2
415,1
419,4
421,1
422,1
423,2
432,2
434,1
436,1
438,1
439,1
441,2
442,3
443,1
444,3
445,6
446,1
448,1
452,2
454,2
455,1
457,3
458,2
460,2
462,3
463,1
464,4
465,1
466,1
468,1
470,1
471,1
472,1
473,1
480,1
481,5
483,1
485,1
487,1
489,1
490,3
491,2
493,1
496,1
497,1
499,1
500,3
501,1
502,2
507,4
508,3
509,2
510,1
511,2
512,1
515,2
516,2
517,2
518,1
519,2
521,1
522,3
523,1
524,1
526,2
528,1
530,1
533,2
534,1
535,1
538,1
540,1
541,2
542,1
544,3
545,2
546,2
547,2
548,4
549,2
550,1
551,1
552,1
553,3
554,4
555,1
556,1
558,2
559,1
560,1
562,1
564,1
566,2
567,2
568,1
569,3
570,2
571,1
572,2
573,2
574,1
576,5
577,2
578,2
579,3
581,4
583,3
584,3
585,3
586,3
588,1
589,3
590,1
591,1
592,1
593,1
594,1
596,3
597,1
599,2
600,1
602,3
603,2
604,3
605,1
606,4
607,1
608,2
609,3
610,3
612,2
614,1
617,2
619,3
621,2
622,4
623,1
624,3
625,2
626,1
627,2
628,2
629,2
630,2
633,4
634,1
636,1
637,1
639,4
641,3
642,2
643,1
645,1
646,1
648,1
649,2
653,2
659,1
661,1
662,1
665,1
668,1
671,2
675,1
678,1
680,1
682,2
687,1
688,1
691,6
693,1
696,1
697,1
701,1
704,2
705,2
706,3
711,1
713,1
714,1
715,1
718,1
723,1
724,1
725,1
726,1
729,1
734,1
735,3
741,1
742,1
744,2
745,1
746,3
751,1
754,1
755,2
756,1
757,2
758,1
761,3
763,2
764,1
765,3
766,1
768,1
769,1
770,4
771,5
772,3
773,1
774,1
775,2
776,2
777,1
778,3
779,6
780,1
781,4
782,4
784,8
785,1
786,2
787,4
788,3
789,2
791,3
792,4
793,4
794,1
795,4
796,1
797,3
798,3
799,2
800,3
801,6
802,2
803,2
804,3
805,2
806,1
808,4
809,1
810,1
811,2
812,3
813,1
814,2
816,2
818,1
819,3
820,1
821,3
824,2
828,1
831,1
833,1
834,1
836,1
838,1
839,1
842,2
844,3
847,5
848,1
850,4
851,5
852,5
853,7
854,8
855,16
856,22
857,46
858,53
859,64
860,106
861,89
862,103
863,83
864,92
865,94
866,89
867,107
868,86
869,85
870,75
871,92
872,159
873,204
874,279
875,302
876,235
877,221
878,124
879,38
880,6
881,1
882,5
883,1
884,1
885,1
888,1
889,1
891,1
892,1
893,2
894,1
896,2
897,1
898,1
899,1
900,2
902,1
903,4
905,2
906,3
907,2
909,4
910,1
911,3
912,5
913,2
914,1
915,4
916,2
917,2
918,3
919,5
920,1
921,7
922,1
923,4
924,5
925,1
926,3
927,2
928,4
929,1
930,1
931,4
932,2
933,2
934,3
935,2
936,1
937,2
938,3
939,1
940,3
941,1
942,2
943,3
944,1
945,1
946,2
947,2
950,2
952,1
956,2
959,1
961,1
965,1
966,1
967,2
968,1
969,1
970,2
972,1
973,2
974,1
975,2
976,2
978,3
979,2
981,1
982,1
983,4
984,3
985,3
986,2
988,2
989,1
990,2
992,1
993,1
996,2
997,2
998,1
999,3
1000,2
1003,1
1004,2
1005,1
1006,1
1008,1
1009,2
1011,1
1013,2
1015,1
1017,1
1018,2
1020,1
1021,2
1022,1
1023,1
1026,1
1027,2
1029,1
1030,1
1032,1
1033,1
1035,1
1036,1
1038,1
1046,1
1054,1
1060,1
1064,2
1065,1
1073,1
1076,1
1079,1
1105,40
1177,1
1183,1
1282,1
1303,1
1360,1
1466,1
1508,1
1512,1
1533,1
1560,1
1642,1
1649,1
1664,1
1685,1
1810,3
1855,1
1857,1
1863,37
1874,2
1910,38
1953,38
1964,1
1977,1
1978,36
1985,2
2110,4
2117,2
2119,28
2153,6
2183,1
2193,1
2196,1
2197,5
2198,5
2200,4
2201,1
2202,2
2204,1
2213,1
2240,2
2263,1
2281,2
2288,38
2298,38
2325,1
2327,2
2328,4
2329,2
2330,1
2331,3
2332,1
2333,3
2337,1
2567,2
2579,1
2597,1
2616,1
2850,1
2854,1
2985,1
3164,1
3186,1
3457,1
3460,1
3483,1
3516,1
4164,1
4938,1
5087,1
5184,1
5453,1
9089,1
9104,1
9162,1
9417,1
9989,1
10660,1
11287,1
