distance_ticks,count
0,43677
1,7336
2,5519
3,6715
4,3274
5,2910
6,2699
7,2391
8,2386
9,2301
10,2588
11,3156
12,3618
13,4432
14,3998
15,3521
16,2897
17,2678
18,2297
19,2125
20,1893
21,1750
22,1529
23,1319
24,1018
25,856
26,720
27,615
28,534
29,501
30,423
31,344
32,294
33,295
34,250
35,214
36,210
37,180
38,162
39,138
40,134
41,122
42,102
43,129
44,152
45,124
46,110
47,99
48,121
49,92
50,92
51,67
52,65
53,45
54,55
55,42
56,56
57,49
58,56
59,55
60,40
61,32
62,38
63,32
64,37
65,43
66,15
67,25
68,36
69,25
70,12
71,15
72,23
73,13
74,16
75,20
76,16
77,18
78,24
79,20
80,18
81,23
82,21
83,15
84,18
85,16
86,10
87,15
88,18
89,17
90,15
91,17
92,17
93,19
94,21
95,23
96,10
97,21
98,29
99,25
100,25
101,28
102,40
103,27
104,27
105,33
106,29
107,27
108,61
109,23
110,32
111,24
112,16
113,20
114,12
115,7
116,5
117,4
118,6
119,5
120,5
121,5
122,4
123,7
124,4
125,2
126,1
127,3
128,4
129,6
130,15
131,1
132,1
133,4
134,6
135,1
136,1
137,4
139,2
140,6
141,4
142,3
143,6
144,10
145,3
146,11
147,8
148,11
149,9
150,11
151,23
152,20
153,44
154,98
155,286
156,780
157,972
158,809
159,223
160,49
161,29
162,37
163,65
164,145
165,731
166,1675
167,938
168,373
169,382
170,355
171,293
172,264
173,245
174,206
175,85
176,56
177,27
178,24
179,17
180,12
181,6
182,5
183,4
184,7
185,6
186,3
187,3
188,4
189,5
190,1
191,4
192,4
193,4
194,3
195,3
196,5
197,7
198,4
199,2
200,11
201,6
202,4
203,1
204,4
205,10
206,6
207,19
208,27
209,17
210,26
211,28
212,30
213,46
214,57
215,73
216,177
217,302
218,483
219,603
220,758
221,766
222,482
223,184
224,191
225,384
226,457
227,529
228,726
229,414
230,168
231,68
232,34
233,15
234,18
235,9
236,8
237,4
238,6
239,6
240,5
241,4
242,3
243,3
244,4
245,3
246,7
247,5
248,4
249,6
250,6
251,2
252,3
253,5
254,4
255,5
256,7
257,10
258,4
259,6
260,2
261,6
262,4
263,4
264,4
265,6
266,7
267,3
268,10
269,8
270,5
271,3
272,3
273,1
274,7
275,3
276,3
277,6
278,5
279,66
280,4
281,2
282,2
283,6
284,2
285,6
286,3
287,3
288,4
289,1
290,1
291,4
292,5
293,1
294,2
295,7
298,3
299,4
300,2
301,5
302,1
303,1
304,5
306,2
307,1
308,6
309,4
310,1
311,1
312,3
313,2
314,1
315,5
317,1
318,3
319,2
320,3
321,2
322,2
323,2
325,2
328,2
329,8
330,8
332,4
333,5
334,1
336,2
337,3
338,6
339,1
340,2
341,1
342,8
343,1
345,1
346,1
347,4
348,1
349,4
350,1
351,1
352,1
354,3
355,1
356,4
357,1
358,1
359,4
360,2
361,8
362,2
363,2
364,1
365,31
366,5
367,1
368,9
369,4
370,5
371,5
372,8
373,4
374,3
375,6
376,2
377,1
378,4
379,15
380,8
381,2
382,4
383,1
384,1
385,1
386,7
389,1
394,2
395,1
396,1
398,1
399,1
402,1
403,1
404,1
405,2
408,44
409,1
410,1
411,2
413,2
414,32
415,2
416,1
417,1
418,2
419,3
420,1
421,2
422,2
426,1
429,2
430,3
431,1
433,1
435,2
436,1
437,3
438,1
439,1
440,2
441,1
442,34
445,6
447,34
448,3
450,1
451,2
453,39
455,2
456,2
458,1
459,1
460,34
461,1
462,1
463,1
465,5
467,1
468,15
469,3
471,5
472,1
473,3
474,1
475,1
477,2
478,4
479,19
480,2
481,2
482,4
484,1
485,3
488,5
490,3
491,1
492,2
493,6
494,3
495,1
496,1
497,1
498,6
499,3
500,2
502,1
504,2
506,1
508,6
509,2
510,1
514,1
515,3
518,2
524,1
525,1
526,1
528,1
529,3
530,8
534,2
535,1
540,1
541,6
542,1
545,1
546,2
547,1
549,1
550,1
554,2
555,1
556,3
558,1
565,5
568,11
569,1
571,1
572,1
573,4
575,1
576,4
577,38
578,2
579,4
580,1
582,1
583,2
587,3
590,4
591,4
592,1
593,1
594,2
595,3
596,6
598,5
599,1
600,34
601,1
602,2
603,4
604,6
605,2
606,4
607,10
608,41
609,42
610,13
611,13
612,18
613,24
614,36
615,58
616,58
617,84
618,143
619,252
620,375
621,577
622,757
623,864
624,537
625,194
626,132
627,65
628,41
629,21
630,12
631,17
632,3
634,2
635,2
636,1
637,4
638,2
639,2
640,3
641,2
642,7
644,2
645,1
647,1
649,2
651,36
652,1
657,1
658,2
659,2
660,1
661,2
662,1
665,4
667,5
668,2
669,1
673,1
674,27
675,2
679,5
680,3
683,1
685,3
692,2
697,3
701,1
702,2
708,8
709,1
710,1
713,1
714,2
715,3
720,4
724,2
725,1
729,2
730,24
736,1
737,1
738,1
739,1
741,1
742,1
744,1
749,3
751,1
753,1
755,1
756,1
758,1
759,1
760,1
761,1
765,2
766,1
768,1
769,1
775,9
777,1
780,1
782,11
783,2
784,1
785,1
787,2
795,1
797,2
800,1
804,1
805,1
808,3
809,1
811,1
815,1
821,1
822,1
823,1
824,2
825,2
830,4
837,1
842,1
844,1
845,1
850,1
853,2
854,1
856,3
857,1
858,1
861,3
863,1
865,18
874,1
875,4
876,1
877,1
880,1
881,2
882,1
883,1
885,1
893,1
894,1
898,1
900,2
903,1
905,1
908,1
914,1
915,1
916,1
918,1
922,1
925,1
930,1
931,3
932,2
934,1
936,1
937,1
942,1
950,1
952,1
960,2
965,1
968,3
973,2
975,6
979,1
981,1
982,1
987,1
990,1
992,1
993,1
998,1
1002,1
1005,2
1008,2
1012,1
1013,1
1014,1
1020,1
1026,1
1031,1
1032,1
1034,1
1042,1
1045,1
1052,1
1054,7
1056,1
1058,1
1063,1
1065,3
1068,1
1070,2
1072,1
1075,2
1080,1
1082,3
1085,1
1088,1
1090,1
1091,17
1093,1
1095,1
1097,1
1098,1
1102,1
1104,1
1108,19
1113,1
1117,1
1119,3
1125,1
1126,1
1128,1
1129,1
1131,1
1132,2
1134,1
1136,1
1137,3
1138,1
1139,2
1140,1
1142,2
1145,1
1150,2
1155,1
1157,19
1162,1
1165,4
1167,1
1170,1
1175,26
1176,1
1177,1
1182,1
1183,1
1185,1
1191,1
1194,4
1197,3
1198,1
1202,1
1203,1
1205,1
1206,2
1208,3
1212,1
1215,3
1225,1
1226,1
1231,2
1235,1
1241,1
1252,1
1255,1
1256,1
1261,1
1263,1
1265,1
1268,2
1272,3
1275,4
1279,1
1282,5
1283,1
1285,1
1287,2
1305,1
1307,1
1308,2
1325,1
1335,1
1342,1
1346,1
1357,1
1365,19
1369,17
1371,1
1375,2
1382,1
1392,1
1397,1
1400,1
1401,1
1403,1
1405,1
1408,1
1414,1
1416,1
1425,2
1426,1
1427,1
1431,2
1433,2
1434,2
1439,1
1440,1
1447,2
1458,1
1460,1
1465,1
1467,1
1468,1
1469,7
1470,4
1471,2
1475,5
1479,4
1481,1
1486,2
1496,1
1508,1
1509,2
1514,1
1515,5
1518,1
1519,1
1525,1
1527,3
1531,1
1534,1
1543,1
1544,1
1545,15
1558,1
1563,1
1565,3
1574,1
1575,3
1590,1
1591,1
1596,1
1608,14
1609,1
1610,1
1612,2
1619,1
1626,1
1642,2
1648,7
1657,2
1658,1
1659,33
1662,3
1664,1
1665,2
1666,1
1667,1
1669,2
1670,1
1674,2
1675,38
1677,1
1678,2
1681,1
1683,1
1685,3
1686,1
1687,1
1688,19
1697,1
1708,1
1719,2
1731,5
1742,1
1744,1
1755,1
1756,1
1763,1
1765,1
1774,1
1775,3
1776,2
1777,1
1782,3
1784,4
1800,1
1823,1
1855,1
1859,1
1865,3
1875,2
1881,1
1900,1
1913,1
1931,1
1942,1
1962,1
1975,2
1982,1
1998,1
2020,1
2028,1
2041,1
2076,2
2080,1
2081,1
2082,1
2086,1
2100,1
2108,3
2124,1
2126,1
2144,1
2161,1
2166,1
2171,2
2172,1
2176,13
2201,3
2205,3
2208,3
2211,1
2231,3
2233,1
2266,1
2274,1
2276,1
2282,3
2297,1
2311,1
2353,1
2356,1
2363,1
2365,2
2376,2
2396,1
2408,1
2411,1
2415,1
2471,1
2476,2
2482,2
2504,1
2526,1
2528,1
2576,2
2605,1
2608,5
2622,1
2626,1
2642,5
2665,1
2668,1
2676,18
2677,1
2726,1
2731,2
2776,1
2782,1
2817,1
2858,1
2865,1
2877,1
2882,1
2961,1
3142,1
3176,3
3212,1
3276,1
3282,1
3288,1
3356,1
3366,1
3400,1
3431,1
3442,1
3458,1
3465,1
3476,1
3486,1
3608,2
3617,1
3621,1
3672,1
3676,5
3701,1
3723,1
3774,1
4108,2
4121,1
4280,1
4282,2
4339,1
4361,1
4395,1
4405,1
4476,2
4731,2
4749,1
5076,1
5176,1
5365,1
5637,1
6365,1
6508,1
7576,1
7578,1
12231,1
12676,2
14982,1
16108,1
26482,1
66608,1
