distance_ticks,count
0,32296
1,6518
2,4210
3,4828
4,3465
5,2496
6,3667
7,2960
8,2195
9,1225
10,1099
11,1034
12,1177
13,2639
14,1602
15,1857
16,2086
17,1533
18,1389
19,1219
20,1031
21,866
22,2056
23,1231
24,1029
25,765
26,558
27,483
28,412
29,322
30,349
31,270
32,211
33,175
34,129
35,135
36,120
37,153
38,106
39,99
40,125
41,78
42,64
43,62
44,52
45,63
46,68
47,47
48,44
49,36
50,45
51,28
52,32
53,27
54,23
55,28
56,23
57,15
58,20
59,28
60,20
61,17
62,17
63,21
64,11
65,14
66,11
67,10
68,19
69,5
70,9
71,15
72,6
73,12
74,4
75,7
76,14
77,11
78,5
79,13
80,5
81,8
82,13
83,7
84,6
85,9
86,9
87,7
88,5
89,8
90,9
91,12
92,3
93,9
94,3
95,5
96,4
97,7
98,5
99,2
100,11
102,4
103,4
104,1
105,11
106,3
107,3
108,3
109,3
110,8
111,9
112,2
113,9
114,3
115,4
116,8
117,8
118,2
119,2
120,6
121,3
122,1
124,6
125,2
126,5
127,3
128,3
129,3
130,7
131,1
132,2
133,2
134,1
135,3
136,1
137,1
138,2
139,2
140,2
141,4
142,2
144,3
145,1
146,4
149,6
150,1
151,1
152,2
154,2
155,1
156,1
157,2
161,3
162,3
163,2
165,3
166,3
168,2
169,2
170,3
171,1
174,1
176,9
181,3
182,4
184,1
185,1
186,2
187,2
190,4
191,2
192,1
193,4
195,2
196,4
197,1
198,2
200,11
201,3
203,3
204,2
205,4
206,1
208,3
209,2
211,4
212,1
213,3
214,1
216,1
217,1
218,2
220,2
221,1
222,2
223,3
225,2
226,2
227,1
230,2
231,2
232,3
233,1
235,3
236,2
238,3
239,1
241,1
242,2
243,5
244,3
245,2
246,10
247,11
248,12
249,18
250,40
251,53
252,144
253,381
254,574
255,647
256,296
257,63
258,21
259,10
260,6
261,4
262,7
263,4
264,8
265,7
266,7
267,16
268,29
269,65
270,98
271,255
272,451
273,638
274,569
275,238
276,74
277,24
278,13
279,8
280,5
281,7
282,10
283,7
284,6
285,11
286,25
287,20
288,29
289,41
290,64
291,116
292,227
293,459
294,465
295,230
296,219
297,236
298,228
299,71
300,17
301,12
302,3
303,2
305,3
306,3
307,1
308,8
309,2
311,4
312,1
313,4
316,3
317,2
318,2
319,3
320,2
321,1
322,2
325,2
326,16
327,1
328,1
329,1
331,1
333,2
336,1
339,3
341,1
342,2
344,1
345,2
346,2
347,1
349,3
351,1
352,1
353,2
354,2
355,1
356,2
358,2
359,3
361,2
362,2
363,7
364,9
365,13
366,21
367,44
368,101
369,281
370,303
371,233
372,364
373,399
374,352
375,236
376,325
377,320
378,256
379,299
380,183
381,68
382,22
383,16
384,10
385,5
386,2
387,2
388,1
389,2
390,1
391,2
392,3
393,6
394,3
395,6
396,4
398,5
400,4
403,1
404,2
405,1
406,2
407,1
408,2
409,7
410,1
415,1
416,2
417,2
418,2
419,6
420,2
421,3
423,6
424,9
426,13
430,1
433,1
437,1
438,1
443,1
446,1
449,1
450,1
453,2
454,2
455,3
456,2
457,2
463,2
466,1
468,2
469,1
476,7
477,1
479,1
481,1
482,3
484,3
485,4
486,2
488,2
489,1
491,2
492,1
494,3
495,5
496,2
499,4
501,5
504,4
505,2
506,2
507,1
508,3
509,17
512,1
515,1
518,4
519,2
520,4
521,3
523,1
524,1
526,5
529,2
532,1
537,1
538,1
540,3
543,1
544,2
545,2
546,1
547,1
551,3
552,1
554,1
559,2
562,1
563,1
567,2
568,1
569,1
570,2
571,1
572,5
573,1
575,1
576,20
578,1
581,1
583,1
584,1
589,3
591,5
594,1
595,2
600,1
603,5
606,1
609,2
613,1
614,1
615,1
616,2
617,1
619,2
620,3
621,1
624,1
625,1
626,9
628,1
629,3
634,4
635,1
636,3
637,1
639,7
646,3
655,1
656,2
659,1
666,2
669,4
670,2
673,3
676,12
678,2
679,37
681,1
683,3
684,1
688,7
690,1
691,3
692,1
697,1
699,1
700,1
704,1
705,2
706,1
708,1
709,6
714,1
718,2
720,1
721,2
726,47
731,1
736,2
741,1
743,1
744,1
746,1
747,1
748,1
749,1
750,2
751,6
753,1
759,3
760,2
761,1
769,5
770,1
772,3
773,2
774,3
775,1
776,11
777,40
778,4
779,3
780,6
781,5
782,17
783,17
784,84
785,94
786,86
787,100
788,157
789,250
790,288
791,279
792,176
793,169
794,150
795,138
796,196
797,106
798,37
799,9
800,5
801,3
803,1
806,1
807,1
808,4
809,2
814,1
816,1
819,2
820,1
821,3
822,3
823,1
825,1
826,36
827,1
828,2
829,1
831,2
832,1
836,2
839,37
840,1
859,2
861,1
862,3
863,1
869,2
870,2
872,1
876,8
879,4
883,1
894,2
895,1
898,1
901,1
904,1
918,6
920,2
921,1
926,4
930,1
931,1
936,1
943,1
946,1
947,3
958,1
961,1
962,1
964,2
967,2
971,1
976,10
977,2
988,1
991,1
1000,1
1004,7
1006,2
1007,5
1008,37
1012,1
1018,1
1021,2
1023,1
1026,6
1028,1
1031,1
1034,2
1036,2
1045,1
1050,1
1051,1
1061,2
1064,1
1066,1
1067,5
1069,7
1076,24
1077,1
1080,1
1101,1
1102,1
1104,1
1107,4
1111,1
1115,1
1117,2
1118,3
1120,2
1121,2
1124,1
1126,4
1156,2
1159,1
1166,1
1174,1
1175,1
1176,10
1182,1
1188,1
1194,1
1195,1
1198,2
1217,1
1221,1
1224,1
1226,5
1234,1
1241,1
1251,1
1257,1
1269,8
1270,1
1276,9
1277,1
1278,1
1280,1
1281,1
1284,1
1294,1
1296,1
1297,1
1301,1
1302,1
1304,1
1306,1
1307,4
1315,1
1319,1
1320,2
1321,1
1325,1
1326,12
1327,1
1335,1
1339,1
1346,1
1351,2
1355,1
1366,2
1369,3
1376,7
1378,1
1383,1
1384,1
1385,1
1388,1
1394,1
1410,1
1414,1
1417,1
1420,1
1421,1
1424,1
1425,1
1426,2
1434,1
1438,1
1439,1
1444,3
1446,1
1455,1
1465,1
1466,1
1469,1
1470,4
1476,4
1484,1
1486,2
1500,1
1501,1
1503,1
1504,1
1507,9
1514,1
1520,2
1521,2
1526,5
1536,1
1537,1
1539,1
1544,1
1550,1
1560,1
1562,1
1563,1
1566,1
1569,1
1570,9
1571,1
1572,1
1573,1
1575,1
1576,18
1588,3
1589,1
1600,1
1606,1
1613,1
1615,2
1616,1
1618,1
1619,1
1621,1
1626,2
1639,1
1643,1
1644,15
1654,1
1670,1
1676,1
1679,1
1694,5
1695,18
1698,1
1700,13
1701,2
1703,1
1707,2
1712,2
1721,1
1725,1
1726,1
1727,1
1730,1
1732,1
1735,2
1739,1
1741,3
1742,1
1744,1
1757,1
1767,4
1774,1
1776,2
1780,2
1782,1
1783,1
1793,1
1794,2
1801,1
1802,1
1803,1
1804,5
1807,2
1809,8
1811,1
1812,1
1813,20
1814,4
1816,1
1817,1
1821,1
1823,1
1825,1
1826,15
1832,1
1833,1
1835,1
1839,1
1842,1
1843,3
1844,3
1869,1
1875,1
1876,1
1889,1
1891,1
1894,1
1897,1
1907,4
1913,1
1921,1
1922,1
1926,1
1928,1
1938,1
1939,2
1942,7
1943,1
1944,2
1947,1
1949,1
1960,20
1963,2
1967,1
1969,11
1976,1
1980,3
1981,4
1983,2
1987,1
1988,1
2003,3
2006,1
2007,8
2020,2
2021,1
2022,1
2027,1
2028,1
2033,2
2038,1
2039,1
2043,1
2044,1
2048,1
2051,1
2060,7
2069,2
2070,7
2076,8
2077,1
2085,1
2093,1
2096,1
2103,1
2104,5
2105,4
2107,7
2115,2
2116,1
2122,1
2127,4
2134,1
2139,1
2142,2
2144,1
2156,1
2157,2
2159,1
2160,1
2162,1
2167,1
2176,4
2207,3
2212,1
2216,8
2220,1
2221,1
2223,1
2227,1
2239,2
2252,18
2264,1
2270,1
2276,2
2277,1
2288,1
2299,1
2305,1
2306,1
2327,5
2328,1
2339,1
2355,1
2357,1
2376,1
2377,1
2379,2
2386,2
2394,1
2404,1
2407,3
2418,1
2428,2
2429,2
2439,1
2442,1
2443,2
2444,1
2450,1
2456,1
2457,1
2459,1
2463,1
2490,1
2507,25
2508,1
2515,1
2522,1
2523,1
2529,2
2536,1
2539,1
2540,1
2545,1
2546,2
2547,1
2560,2
2568,1
2570,3
2573,1
2576,11
2585,8
2586,15
2590,1
2597,1
2602,1
2607,1
2618,2
2639,1
2644,3
2661,1
2667,1
2690,1
2703,1
2726,1
2730,1
2739,1
2764,1
2776,1
2780,1
2807,2
2826,1
2827,2
2839,1
2840,1
2842,1
2876,3
2883,1
2889,1
2891,1
2900,1
2907,1
2919,1
2939,1
2944,1
2963,1
2970,1
2976,1
2977,1
3003,1
3007,7
3020,1
3032,1
3033,1
3075,1
3076,4
3107,1
3112,1
3153,1
3194,1
3207,2
3249,1
3270,1
3280,1
3307,2
3327,1
3370,1
3407,2
3427,1
3434,1
3498,1
3504,1
3507,10
3511,2
3525,1
3566,2
3570,3
3571,1
3575,4
3576,1
3577,1
3603,2
3606,1
3615,1
3702,1
3868,1
3897,1
3906,1
3907,3
3927,1
3943,1
4003,1
4007,7
4057,1
4070,2
4077,1
4086,1
4107,1
4115,1
4144,1
4170,2
4207,1
4244,1
4300,2
4327,1
4335,1
4353,1
4377,1
4388,1
4407,1
4475,1
4507,8
4517,1
4570,1
4575,6
4595,1
4638,1
4644,1
4666,1
4707,1
4717,1
4740,1
4757,1
4772,1
4784,1
4804,1
4806,1
4823,1
4828,1
4843,1
4857,1
4874,1
4886,1
4903,1
4918,1
4920,1
4943,2
4968,1
5018,4
5052,1
5076,1
5086,1
5098,1
5164,1
5334,1
5401,1
5692,1
5718,1
5777,1
5816,1
5818,1
5827,1
5872,1
5978,1
5979,1
6150,1
6218,1
6427,1
6547,1
6718,1
6827,2
6860,1
6913,1
7176,1
7300,1
7365,1
7498,1
7668,1
7673,1
7797,1
7918,1
8048,1
8092,1
8307,1
8403,1
9576,1
9727,1
9826,3
9943,1
9992,1
9996,1
10566,1
10575,1
11421,1
11518,1
11708,1
12273,5
12286,5
12293,9
12294,2
12332,13
12508,1
