distance_ticks,count
0,936
1,59
2,15
3,10
4,5
5,6
6,11
7,7
8,8
9,9
10,9
11,6
12,7
13,6
14,17
15,6
16,4
17,6
18,5
19,4
20,7
21,3
22,4
23,2
24,4
25,6
26,4
27,2
30,3
31,1
34,1
36,1
37,1
38,2
39,1
43,2
46,5
47,1
49,1
51,1
52,6
53,2
54,1
55,2
59,1
61,1
62,2
63,5
64,3
65,3
66,2
67,2
69,1
71,1
72,2
74,1
75,3
81,3
82,4
86,1
90,1
96,1
97,2
98,2
99,11
100,9
101,3
103,2
104,1
105,1
106,2
107,1
109,2
110,2
118,1
119,1
120,2
121,1
123,1
125,1
126,1
127,2
128,1
129,4
130,4
131,1
132,4
133,3
134,3
135,2
136,9
137,4
138,4
139,5
140,8
141,3
142,5
143,5
144,2
146,5
147,1
148,3
149,4
150,2
151,4
153,1
154,5
155,2
156,2
157,3
158,1
160,2
161,1
162,1
163,1
164,4
165,2
166,2
167,2
168,1
169,4
170,4
171,4
172,1
173,1
174,1
175,3
176,5
177,6
178,11
179,4
180,4
181,1
182,1
184,1
185,4
186,4
187,13
188,5
189,6
190,4
191,1
192,1
196,1
198,1
199,1
205,1
207,2
208,4
209,2
210,5
211,3
212,3
213,3
217,2
218,2
219,1
222,1
223,1
225,1
227,1
228,1
230,1
231,2
232,2
233,1
234,1
235,1
236,1
237,1
239,2
243,1
244,1
246,2
248,3
250,1
254,2
256,3
257,1
258,1
260,1
261,1
264,1
265,3
266,2
271,2
272,1
273,1
275,1
278,2
279,1
280,2
281,2
284,1
285,3
286,1
288,1
289,2
291,1
293,1
299,3
300,1
301,1
308,4
312,2
314,1
318,3
319,1
322,1
324,2
326,1
329,1
330,1
332,2
333,2
334,1
335,1
338,1
342,2
345,1
346,1
351,1
353,3
357,1
359,1
360,2
363,1
365,2
366,1
367,1
368,3
369,1
370,1
373,1
375,1
378,1
380,1
381,1
383,2
385,1
392,1
395,3
401,1
406,1
407,1
409,1
410,3
413,3
414,18
415,1
416,2
417,1
418,2
419,1
420,4
421,5
422,3
423,3
424,1
425,3
426,4
427,3
428,4
429,1
431,1
434,1
438,2
442,1
446,3
449,1
457,1
460,1
461,2
462,2
463,4
465,2
468,1
469,2
472,1
473,2
477,11
478,27
479,12
480,3
481,2
482,2
483,3
485,1
486,2
489,1
491,2
493,1
494,1
495,1
504,1
509,1
514,1
516,1
518,1
521,3
523,1
524,2
529,1
530,2
534,1
539,1
541,1
548,1
549,1
555,1
556,3
557,1
562,1
563,1
567,1
568,1
570,1
571,1
572,1
573,1
574,2
575,1
576,2
578,2
582,1
583,1
585,1
591,1
593,1
594,2
603,1
608,1
614,1
615,1
616,1
618,2
621,1
622,2
628,2
630,1
631,1
633,1
635,2
638,1
639,1
643,1
647,1
648,1
649,2
652,1
658,1
661,1
666,1
675,7
686,1
691,1
692,1
700,1
701,1
702,1
703,2
705,1
710,2
713,1
716,1
717,1
718,1
723,1
727,1
728,1
731,3
732,1
734,1
736,2
741,2
744,1
745,1
746,2
747,1
750,1
751,2
755,1
756,1
759,1
760,2
763,1
765,2
767,2
771,2
772,1
773,1
774,1
775,1
777,1
782,1
783,1
784,3
786,2
787,2
789,1
790,1
791,7
792,11
793,6
794,13
795,18
796,5
797,9
798,4
799,1
800,2
801,6
802,1
803,1
804,1
805,1
806,1
808,7
809,4
810,2
811,2
812,6
813,3
814,3
815,6
816,3
818,3
822,4
828,1
832,1
834,1
837,1
838,1
844,1
845,1
846,1
847,3
850,1
853,1
856,1
857,1
858,1
861,3
863,1
864,1
865,1
867,1
870,1
872,1
874,1
878,2
879,3
880,5
881,1
882,1
883,1
885,1
890,3
894,2
895,1
896,2
897,5
898,2
899,7
900,17
901,1
902,2
903,1
904,1
905,1
906,1
908,4
909,1
912,1
913,9
914,2
916,2
917,1
918,4
919,2
920,1
924,1
926,1
927,1
928,1
930,1
933,2
939,1
945,1
946,1
948,1
951,1
953,1
958,1
960,4
961,2
964,3
968,1
970,1
973,1
975,1
976,2
981,1
984,1
985,1
986,1
987,1
989,1
990,1
992,3
995,1
997,1
1000,1
1001,4
1006,1
1011,2
1013,1
1016,1
1017,1
1019,2
1020,1
1021,2
1022,1
1027,1
1030,2
1032,1
1033,2
1035,2
1039,1
1041,2
1044,1
1049,1
1051,1
1052,1
1054,2
1056,1
1057,1
1060,4
1061,2
1062,2
1063,1
1065,1
1066,2
1074,2
1075,1
1076,3
1077,3
1078,1
1082,2
1085,1
1090,1
1096,1
1100,1
1101,1
1102,1
1104,1
1108,1
1116,1
1118,1
1142,1
1150,1
1151,5
1172,1
1174,1
1181,1
1194,1
1196,2
1197,1
1200,8
1205,1
1210,1
1213,1
1214,1
1218,2
1219,2
1220,4
1221,1
1230,2
1234,1
1238,1
1241,1
1244,1
1255,1
1256,1
1257,1
1259,2
1260,1
1263,1
1266,1
1268,1
1278,1
1279,1
1280,1
1292,1
1302,1
1306,1
1307,1
1310,1
1312,1
1315,1
1317,1
1323,1
1324,1
1325,3
1332,1
1333,5
1335,1
1336,3
1340,1
1343,1
1345,1
1346,1
1350,1
1354,1
1355,1
1357,1
1365,1
1366,1
1369,1
1370,1
1380,1
1384,2
1387,1
1390,2
1392,5
1394,1
1400,1
1402,1
1406,1
1407,1
1412,1
1418,1
1424,1
1425,2
1430,1
1437,1
1443,1
1446,1
1447,4
1458,1
1460,1
1467,2
1468,1
1469,1
1478,1
1481,1
1482,1
1489,1
1492,1
1493,3
1494,1
1498,1
1499,1
1500,1
1501,3
1506,2
1509,1
1511,1
1512,1
1531,1
1534,1
1540,1
1544,1
1548,1
1554,1
1562,1
1574,1
1575,1
1590,1
1591,1
1599,1
1600,1
1602,1
1605,2
1613,1
1614,1
1617,1
1636,2
1639,4
1641,1
1642,1
1649,1
1650,1
1651,1
1662,1
1663,1
1667,1
1680,3
1687,2
1690,1
1691,1
1695,3
1696,3
1698,1
1705,1
1709,4
1712,1
1726,1
1750,3
1759,1
1760,1
1764,1
1768,1
1771,1
1782,3
1787,1
1790,1
1794,5
1797,1
1800,1
1810,1
1822,1
1823,1
1835,2
1839,2
1844,1
1848,3
1855,3
1857,4
1860,3
1861,3
1866,3
1881,1
1884,3
1885,6
1886,6
1892,3
1895,6
1897,3
1898,1
1900,3
1904,1
1907,1
1918,3
1922,1
1925,1
1927,3
1930,1
1940,4
1944,1
1951,3
1956,1
1959,2
1968,8
1970,1
1971,1
1973,3
1977,1
1988,4
1992,1
1995,2
2001,2
2004,2
2014,2
2015,3
2016,2
2036,1
2048,1
2050,1
2056,1
2059,1
2062,3
2064,2
2075,2
2093,3
2095,1
2099,2
2100,23
2107,1
2108,1
2120,6
2121,3
2125,1
2128,1
2130,6
2132,3
2134,1
2138,1
2143,1
2151,1
2155,2
2157,1
2158,3
2159,1
2161,3
2162,3
2166,1
2177,2
2179,1
2182,3
2188,1
2196,2
2205,1
2207,1
2218,1
2249,3
2253,1
2254,1
2257,1
2260,3
2267,2
2271,1
2284,3
2289,3
2302,1
2306,3
2307,1
2308,1
2323,3
2343,1
2375,1
2406,1
2407,1
2437,1
2440,3
2452,1
2460,3
2468,1
2474,1
2476,1
2486,3
2487,1
2491,1
2526,1
2533,1
2539,6
2550,9
2552,1
2553,10
2558,1
2584,1
2586,1
2597,1
2601,2
2602,3
2611,6
2613,3
2629,1
2644,1
2650,3
2652,3
2664,3
2665,3
2690,1
2696,1
2711,3
2720,1
2726,2
2740,3
2753,1
2757,2
2772,3
2784,7
2810,1
2816,1
2824,3
2834,1
2835,3
2841,3
2846,3
2863,2
2873,2
2890,3
2891,3
2900,2
2901,2
2915,1
2932,1
2940,6
2945,3
2980,2
2990,6
2991,3
3004,1
3007,3
3012,2
3022,3
3048,1
3057,1
3061,1
3092,3
3110,2
3149,3
3155,2
3169,1
3171,3
3173,2
3176,3
3186,1
3196,3
3200,3
3210,1
3220,2
3221,1
3274,1
3300,2
3360,1
3381,1
3444,1
3445,1
3447,1
3464,1
3490,3
3518,1
3525,12
3537,6
3562,2
3571,1
3576,1
3587,1
3599,2
3610,1
3615,3
3625,3
3633,1
3636,1
3646,1
3652,1
3672,2
3715,2
3719,1
3730,1
3741,1
3751,1
3796,1
3800,1
3803,1
3811,1
3827,1
3832,1
3837,1
3880,1
3887,2
3888,1
3900,1
4043,1
4048,1
4051,1
4055,1
4063,1
4072,1
4079,1
4082,1
4088,2
4091,1
4093,1
4113,1
4116,1
4139,3
4140,1
4210,3
4257,1
4261,1
4322,1
4420,1
4439,4
4454,1
4456,1
4457,1
4460,2
4472,1
4488,3
4500,1
4520,1
4529,1
4539,1
4556,2
4600,1
4639,1
4677,1
4705,1
4757,1
4829,1
4850,1
4854,1
4891,1
5005,1
5023,3
5080,1
5154,1
5175,1
5200,3
5380,1
5439,1
5453,3
5456,1
5460,1
5521,1
5600,1
5757,1
6190,1
6300,1
6350,3
6400,1
6450,3
6600,2
6662,3
6757,1
6768,3
6850,3
7034,1
7132,3
7195,1
7247,1
7254,1
7261,1
7299,1
7361,3
7460,1
7462,14
7500,1
7536,3
7568,15
7588,13
7652,1
7657,1
7668,1
7670,1
7672,6
7679,6
7769,1
7775,3
7812,3
7925,2
7957,12
7966,1
8054,2
8056,1
8116,1
8129,1
8244,15
8292,6
8334,6
8339,1
8359,1
8360,1
8437,15
8458,1
8521,9
8548,1
8643,1
8708,6
8729,6
8764,2
8954,9
9083,1
10100,1
10150,3
10257,1
10674,2
10810,1
10835,3
10942,2
10960,1
11082,1
11140,6
11385,7
11732,5
11811,2
12115,2
12960,1
