distance_ticks,count
0,59111
1,14861
2,9147
3,8656
4,5587
5,4832
6,4908
7,4437
8,5475
9,4458
10,4556
11,3808
12,4628
13,4453
14,3512
15,2944
16,2289
17,2152
18,1780
19,1397
20,1224
21,1028
22,853
23,766
24,784
25,704
26,617
27,619
28,483
29,453
30,455
31,350
32,310
33,285
34,238
35,196
36,181
37,178
38,166
39,173
40,158
41,147
42,109
43,123
44,204
45,376
46,541
47,581
48,529
49,406
50,306
51,297
52,241
53,147
54,92
55,62
56,44
57,45
58,34
59,35
60,41
61,38
62,26
63,31
64,27
65,23
66,29
67,25
68,34
69,32
70,20
71,18
72,13
73,14
74,26
75,37
76,54
77,55
78,41
79,48
80,34
81,32
82,29
83,40
84,23
85,12
86,14
87,9
88,10
89,16
90,15
91,7
92,18
93,30
94,55
95,30
96,17
97,9
98,10
99,6
100,16
101,7
102,8
103,14
104,11
105,15
106,38
107,3
108,12
109,10
110,14
111,13
112,6
113,13
114,25
115,23
116,21
117,15
118,9
119,16
120,7
121,5
122,5
123,8
124,7
125,2
126,5
127,4
128,6
129,6
130,4
131,8
132,6
133,2
134,9
135,4
136,7
137,7
138,7
139,5
140,2
141,4
142,4
143,7
144,7
145,7
146,4
147,5
148,5
149,4
150,10
151,16
152,17
153,47
154,53
155,136
156,395
157,726
158,1042
159,1341
160,1211
161,1844
162,2025
163,1380
164,299
165,83
166,33
167,25
168,19
169,15
170,6
171,7
172,3
173,2
174,8
175,10
176,14
177,3
178,6
179,8
180,9
181,8
182,6
183,5
184,5
185,5
186,9
187,8
188,6
189,10
190,14
191,27
192,33
193,36
194,78
195,172
196,409
197,814
198,1334
199,1170
200,874
201,615
202,476
203,432
204,670
205,933
206,1022
207,805
208,233
209,77
210,36
211,19
212,23
213,13
214,11
215,8
216,7
217,6
218,4
219,17
220,4
221,7
222,4
223,5
224,2
225,3
226,3
227,1
228,4
229,4
230,3
231,8
232,1
233,4
234,5
235,2
236,5
237,1
238,2
239,4
240,5
241,1
242,1
243,3
244,5
245,2
246,4
248,2
249,3
250,8
251,2
252,4
253,14
254,6
255,4
256,10
257,3
258,7
259,4
260,6
261,8
262,8
263,1
264,5
265,4
266,9
267,8
268,11
269,46
270,6
271,1
272,1
273,6
274,1
275,4
276,13
277,5
278,2
279,3
280,2
281,5
282,4
283,3
284,2
285,5
286,1
287,1
289,3
290,13
291,2
292,1
293,5
294,6
295,2
296,2
297,1
298,1
299,2
300,7
301,1
302,1
303,3
304,6
305,3
306,36
307,2
308,5
309,2
310,2
311,4
312,5
313,5
314,4
315,3
316,7
317,8
318,5
319,21
320,5
321,9
322,3
323,6
324,8
325,3
326,2
327,5
328,1
329,12
330,7
331,11
332,30
333,106
334,367
335,463
336,411
337,262
338,140
339,64
340,13
341,11
342,10
343,7
344,4
345,8
346,1
347,7
348,2
349,4
350,6
351,3
352,2
353,11
354,3
355,3
356,15
357,1
358,38
359,3
360,1
361,2
362,1
363,2
364,1
365,1
366,2
368,1
369,25
370,1
371,2
372,5
373,1
374,1
375,5
376,5
378,2
379,2
380,3
381,4
382,2
383,1
384,2
386,2
387,1
388,2
390,1
392,1
393,9
394,1
395,6
396,3
397,4
398,1
399,4
400,44
401,4
403,5
404,2
405,2
406,47
407,1
408,1
409,4
411,9
412,5
413,4
414,1
415,3
416,41
417,4
418,4
419,8
420,4
421,1
422,38
423,1
424,2
426,2
427,1
429,1
430,2
431,4
433,36
434,2
438,4
439,1
440,1
441,1
442,3
443,5
444,7
445,2
446,3
447,2
448,4
449,5
450,2
451,4
452,3
453,54
454,3
455,1
456,16
457,2
458,4
459,2
460,3
461,2
462,3
463,7
464,2
465,2
466,3
467,2
468,15
469,12
470,1
471,1
472,1
473,3
474,3
475,2
476,3
477,1
478,7
479,3
480,1
481,5
483,1
484,1
485,3
486,4
487,2
488,1
489,3
490,4
491,3
492,2
493,4
494,5
495,4
496,3
497,1
498,3
499,2
500,9
501,4
502,1
503,5
504,1
505,1
506,98
507,2
508,1
510,2
511,3
512,1
514,2
516,2
517,3
518,3
519,22
520,3
521,1
522,1
523,2
524,1
525,2
526,1
527,5
528,1
529,2
530,5
531,4
532,3
533,2
534,1
535,2
536,3
537,2
539,3
540,1
541,3
542,1
543,4
544,4
545,1
546,4
547,2
549,37
550,1
551,4
552,1
553,9
554,2
555,1
556,10
558,1
559,1
561,3
562,1
563,2
566,1
567,2
568,6
569,27
571,1
572,1
573,1
574,3
577,2
578,4
579,4
584,3
590,3
591,2
593,2
594,1
595,2
598,1
599,1
600,20
602,1
603,4
604,2
605,1
606,39
607,1
609,3
610,2
611,1
613,1
614,1
615,1
617,2
618,4
619,23
620,1
621,1
625,3
626,1
628,1
629,5
630,2
631,1
632,2
633,1
634,1
636,4
637,1
638,1
639,1
640,1
641,1
642,1
643,2
645,2
646,1
647,1
648,2
650,4
651,2
652,2
653,19
654,4
656,9
658,3
659,3
664,2
665,1
668,3
669,9
670,1
672,1
678,2
680,1
681,2
682,1
683,2
685,2
686,1
687,1
688,1
689,1
690,1
691,1
693,1
694,3
696,1
697,1
698,2
699,1
700,11
701,1
703,2
705,1
706,40
707,1
708,1
710,3
711,1
713,1
714,2
715,1
718,2
719,18
720,1
722,2
725,1
727,2
728,1
729,2
735,1
738,1
739,7
743,1
744,2
748,2
749,3
750,1
751,2
753,12
754,2
755,2
756,6
757,1
758,1
759,2
760,1
763,1
764,2
765,1
766,1
767,1
768,2
769,65
771,2
773,2
774,1
775,3
778,1
779,3
781,1
782,1
783,1
784,1
786,2
789,3
790,4
793,2
794,3
799,3
800,9
806,10
807,1
808,3
809,2
812,2
818,3
819,35
820,1
823,1
824,1
825,2
826,1
827,4
828,1
829,2
830,1
831,1
832,1
836,1
839,1
841,1
843,1
844,2
850,1
853,7
855,1
856,1
857,1
859,1
861,1
866,2
867,1
869,8
875,2
877,1
878,5
884,1
885,1
888,1
889,2
890,2
891,2
893,4
895,1
897,2
899,2
900,28
902,2
905,1
906,15
907,9
910,2
911,2
912,1
919,14
920,1
921,2
924,3
925,2
927,1
928,1
929,1
931,1
932,1
936,1
937,10
939,2
940,1
942,1
948,1
949,1
950,3
951,3
952,1
953,25
954,1
955,1
956,2
958,1
965,2
968,5
969,11
975,2
978,1
979,1
988,2
991,1
995,1
996,1
997,1
999,1
1000,8
1001,1
1004,1
1005,1
1007,23
1009,2
1014,1
1017,1
1018,1
1019,25
1023,2
1026,1
1027,2
1029,1
1031,3
1032,4
1033,1
1039,1
1040,1
1043,1
1044,3
1048,1
1050,4
1051,2
1052,3
1053,8
1054,3
1055,4
1056,3
1057,1
1060,1
1063,1
1064,1
1065,1
1067,2
1069,12
1070,2
1071,1
1075,1
1077,1
1079,1
1081,1
1082,1
1083,1
1088,2
1090,2
1091,1
1092,1
1093,24
1095,1
1096,1
1097,1
1099,2
1100,11
1101,2
1103,2
1107,1
1108,2
1112,3
1113,3
1114,2
1117,2
1119,13
1120,2
1123,2
1125,2
1126,1
1130,1
1131,2
1139,1
1140,1
1141,1
1146,1
1149,1
1150,3
1153,3
1154,1
1157,2
1165,1
1166,1
1169,9
1170,2
1180,2
1186,1
1190,2
1193,3
1194,2
1195,1
1199,1
1200,18
1201,1
1203,2
1204,1
1205,1
1206,3
1211,2
1215,1
1217,1
1218,2
1219,13
1222,2
1225,1
1226,3
1227,1
1240,1
1241,1
1247,1
1249,1
1250,1
1251,1
1253,5
1256,3
1259,1
1261,1
1266,1
1268,1
1269,22
1270,1
1278,1
1279,2
1281,1
1284,1
1286,1
1288,1
1289,1
1290,2
1291,2
1294,1
1295,1
1300,5
1306,5
1310,2
1311,1
1312,1
1313,1
1314,2
1319,29
1320,1
1326,1
1327,3
1328,1
1331,1
1336,1
1339,4
1342,1
1343,1
1348,3
1349,1
1350,1
1353,3
1358,1
1359,1
1363,2
1367,18
1368,1
1369,3
1378,1
1379,1
1380,1
1383,3
1387,1
1389,1
1390,2
1393,2
1395,4
1399,2
1400,30
1401,1
1403,3
1405,2
1410,1
1415,1
1419,4
1420,1
1425,1
1426,1
1428,1
1429,2
1430,1
1431,2
1434,1
1439,1
1440,1
1443,1
1449,2
1450,2
1452,3
1453,15
1454,2
1457,1
1458,1
1459,1
1464,1
1465,1
1468,2
1469,7
1474,2
1476,13
1479,2
1482,1
1490,1
1493,1
1498,1
1500,7
1505,2
1506,1
1507,9
1508,1
1509,1
1512,10
1513,2
1519,8
1523,1
1525,1
1527,1
1543,1
1544,1
1547,1
1548,1
1549,1
1550,1
1553,1
1567,1
1569,11
1577,1
1578,6
1579,5
1592,1
1593,1
1598,1
1600,15
1603,1
1605,1
1614,1
1619,2
1620,1
1624,1
1626,1
1628,1
1639,1
1649,6
1650,1
1653,6
1660,1
1662,1
1668,1
1669,7
1671,1
1679,1
1680,1
1684,1
1689,3
1699,7
1700,3
1703,1
1704,1
1707,3
1714,1
1719,6
1725,1
1727,1
1730,1
1732,2
1737,1
1747,1
1753,2
1755,1
1757,1
1759,3
1768,1
1769,32
1772,1
1800,4
1807,2
1809,2
1814,1
1819,29
1824,1
1827,3
1829,1
1832,1
1841,1
1844,1
1847,1
1853,1
1869,4
1875,1
1887,1
1891,14
1892,1
1894,1
1895,2
1898,1
1899,1
1900,8
1904,5
1905,4
1910,1
1919,3
1928,1
1943,1
1944,1
1953,3
1957,1
1967,1
1969,14
1974,1
1977,1
1982,1
1990,2
1994,1
1999,1
2005,1
2006,2
2012,1
2016,1
2019,8
2026,1
2027,1
2044,1
2053,1
2059,1
2069,3
2079,1
2081,2
2087,1
2096,1
2100,1
2119,4
2123,2
2153,2
2161,1
2163,1
2168,1
2169,4
2173,1
2181,1
2193,1
2194,1
2200,1
2201,1
2209,1
2211,1
2219,1
2220,1
2253,2
2260,1
2264,1
2268,2
2269,12
2312,1
2315,1
2319,8
2325,2
2327,1
2345,2
2350,1
2369,7
2375,1
2394,1
2400,14
2404,1
2419,4
2429,1
2439,1
2442,1
2453,2
2457,2
2469,8
2470,1
2481,1
2489,1
2494,1
2500,2
2506,3
2507,1
2512,1
2519,4
2528,1
2535,1
2555,1
2563,1
2568,1
2569,5
2579,1
2588,1
2589,1
2600,1
2618,2
2619,1
2631,1
2657,1
2669,2
2680,1
2689,1
2700,1
2711,1
2719,1
2755,1
2759,1
2768,1
2769,11
2779,1
2794,1
2800,1
2818,1
2819,3
2827,1
2840,1
2847,1
2851,1
2869,1
2874,1
2879,1
2900,3
2917,1
2944,1
2953,1
2961,1
2969,2
2977,1
3000,1
3069,1
3143,1
3169,1
3182,1
3199,1
3200,1
3249,1
3256,1
3259,1
3264,1
3269,7
3279,1
3300,1
3301,1
3309,1
3318,1
3319,1
3325,1
3359,1
3393,1
3400,3
3407,1
3419,1
3453,1
3456,1
3481,1
3500,1
3506,1
3519,2
3535,1
3569,3
3571,1
3600,2
3601,1
3629,1
3679,1
3681,1
3714,1
3719,1
3751,1
3756,1
3769,10
3805,1
3817,1
3819,2
3854,1
3885,1
3900,2
3906,1
3919,1
3944,1
3952,1
3954,1
3969,1
4026,1
4044,1
4069,2
4105,1
4106,1
4115,1
4233,1
4244,1
4269,2
4290,1
4294,1
4369,1
4395,1
4400,1
4406,2
4453,1
4496,1
4505,2
4551,1
4569,2
4600,1
4674,1
4703,1
4719,1
4750,1
4769,4
4799,1
4800,1
4819,2
4827,1
4853,1
4969,1
5219,1
5253,1
5263,1
5269,1
5293,1
5299,1
5300,4
5353,4
5360,1
5370,1
5417,1
5433,1
5452,4
5769,2
6019,1
6069,1
6112,1
6119,1
6140,1
6164,1
6169,1
6219,1
6319,1
6533,1
6569,1
6669,7
6719,6
6723,1
6759,1
6764,1
6768,1
6783,1
6791,1
6804,1
6810,1
6818,1
6854,1
