distance_ticks,count
0,33097
1,10992
2,4229
3,3213
4,2842
5,2553
6,2488
7,2454
8,2036
9,2189
10,1948
11,1523
12,1412
13,1358
14,1237
15,1336
16,1433
17,1072
18,981
19,865
20,743
21,702
22,734
23,724
24,568
25,712
26,650
27,575
28,546
29,539
30,463
31,491
32,422
33,425
34,423
35,382
36,347
37,331
38,324
39,266
40,268
41,248
42,216
43,243
44,225
45,227
46,215
47,201
48,217
49,196
50,205
51,149
52,176
53,159
54,171
55,137
56,142
57,151
58,144
59,226
60,294
61,290
62,250
63,272
64,296
65,323
66,296
67,297
68,322
69,292
70,307
71,311
72,287
73,302
74,318
75,281
76,270
77,286
78,257
79,279
80,251
81,269
82,283
83,245
84,261
85,237
86,237
87,208
88,213
89,199
90,165
91,166
92,161
93,145
94,165
95,160
96,182
97,158
98,168
99,173
100,157
101,141
102,159
103,135
104,107
105,99
106,109
107,107
108,104
109,103
110,121
111,90
112,110
113,83
114,104
115,108
116,93
117,84
118,81
119,67
120,92
121,89
122,93
123,56
124,58
125,57
126,55
127,62
128,66
129,58
130,73
131,60
132,68
133,55
134,50
135,50
136,65
137,60
138,61
139,69
140,48
141,65
142,63
143,54
144,43
145,48
146,34
147,43
148,56
149,39
150,50
151,54
152,49
153,39
154,48
155,41
156,37
157,49
158,44
159,39
160,47
161,35
162,35
163,32
164,35
165,42
166,37
167,24
168,30
169,34
170,31
171,36
172,35
173,26
174,26
175,25
176,29
177,23
178,39
179,31
180,37
181,34
182,41
183,39
184,32
185,30
186,46
187,26
188,26
189,20
190,20
191,21
192,34
193,23
194,31
195,34
196,25
197,32
198,28
199,19
200,19
201,18
202,26
203,24
204,30
205,26
206,23
207,19
208,25
209,26
210,25
211,25
212,25
213,21
214,19
215,15
216,18
217,24
218,23
219,17
220,21
221,15
222,23
223,19
224,18
225,13
226,15
227,18
228,11
229,16
230,21
231,21
232,12
233,15
234,19
235,19
236,24
237,26
238,20
239,25
240,17
241,14
242,10
243,17
244,19
245,15
246,16
247,15
248,20
249,11
250,17
251,15
252,19
253,24
254,12
255,9
256,12
257,7
258,15
259,12
260,14
261,11
262,11
263,10
264,4
265,15
266,10
267,13
268,10
269,12
270,8
271,6
272,8
273,12
274,8
275,9
276,9
277,11
278,9
279,9
280,8
281,8
282,11
283,8
284,6
285,4
286,9
287,7
288,8
289,4
290,2
291,3
292,5
293,7
294,7
295,8
296,9
297,3
298,5
299,3
300,9
301,10
302,7
303,6
304,6
305,3
306,7
307,3
308,9
309,10
310,4
311,6
312,2
313,2
314,6
315,8
316,10
317,7
318,3
319,2
320,1
321,1
322,1
323,8
324,1
325,6
326,4
327,3
328,2
329,5
330,5
331,5
332,7
333,2
334,7
335,5
336,5
337,9
338,5
339,3
340,4
341,3
343,1
344,1
345,3
346,7
348,4
349,1
350,7
352,3
353,3
354,5
355,4
356,2
357,3
358,2
359,1
360,2
361,3
362,4
363,1
364,1
365,1
366,3
368,3
369,1
370,1
371,1
372,2
373,1
374,1
375,2
376,1
377,4
378,2
379,1
380,4
381,2
383,4
384,4
385,2
386,3
387,2
388,2
389,2
391,2
392,3
393,1
394,3
395,4
396,5
397,3
400,7
401,4
402,1
403,5
404,4
405,2
407,1
409,2
410,3
411,3
412,4
414,2
415,5
416,2
417,2
418,1
419,3
421,6
422,3
424,5
425,4
426,4
427,3
429,2
430,1
431,2
432,1
433,2
434,1
435,3
436,1
437,7
438,4
439,1
440,1
441,2
442,1
443,3
444,2
445,3
446,1
447,1
448,1
449,2
450,1
451,2
452,4
453,3
454,2
455,3
456,2
457,2
458,2
459,3
465,1
466,2
469,1
470,2
476,2
479,2
480,1
481,5
482,1
483,2
484,1
486,1
488,1
491,2
492,1
493,1
496,2
497,2
498,1
499,2
500,1
501,2
502,3
503,3
506,2
507,2
508,1
510,1
511,1
512,2
517,1
521,1
522,1
524,1
525,1
527,2
532,1
533,2
534,1
536,2
538,2
539,1
540,1
541,1
542,1
543,3
544,1
546,1
550,1
554,1
561,1
562,1
563,1
564,1
565,1
566,2
567,1
572,1
577,1
581,1
584,1
585,2
586,1
591,1
595,1
596,2
597,1
600,3
602,1
604,1
609,1
610,1
611,1
612,2
614,1
617,1
618,1
620,1
621,2
623,1
627,1
628,1
636,1
637,2
640,1
641,1
643,1
645,1
650,1
653,1
656,1
667,2
668,1
672,1
677,2
678,3
686,1
687,1
694,1
695,1
696,1
697,1
702,2
703,1
705,1
709,2
713,1
714,2
721,2
722,1
725,1
729,1
732,1
734,1
735,1
737,1
738,2
740,3
744,2
745,3
747,1
748,3
749,2
750,4
751,1
753,1
754,1
755,3
756,1
758,2
759,1
760,1
761,6
762,6
763,1
764,2
765,3
766,5
767,6
768,5
769,4
770,5
771,4
772,6
773,4
774,9
775,8
776,7
777,7
778,8
779,5
780,9
781,6
782,11
783,8
784,8
785,21
786,12
787,13
788,10
789,23
790,13
791,14
792,20
793,18
794,23
795,23
796,26
797,25
798,27
799,37
800,38
801,49
802,54
803,50
804,40
805,67
806,63
807,82
808,106
809,102
810,112
811,140
812,135
813,143
814,192
815,248
816,299
817,364
818,271
819,283
820,277
821,273
822,231
823,154
824,193
825,210
826,171
827,190
828,165
829,152
830,161
831,147
832,119
833,125
834,100
835,112
836,100
837,71
838,81
839,49
840,48
841,42
842,35
843,35
844,26
845,26
846,22
847,17
848,56
849,16
850,18
851,11
852,9
853,13
854,17
855,18
856,15
857,8
858,11
859,31
860,12
861,8
862,11
863,16
864,14
865,24
866,16
867,25
868,28
869,31
870,36
871,35
872,27
873,30
874,47
875,62
876,62
877,78
878,78
879,87
880,111
881,169
882,240
883,258
884,346
885,463
886,513
887,550
888,732
889,810
890,846
891,768
892,751
893,779
894,626
895,652
896,641
897,752
898,689
899,703
900,734
901,780
902,833
903,677
904,650
905,661
906,775
907,989
908,939
909,926
910,801
911,709
912,566
913,484
914,450
915,396
916,348
917,393
918,315
919,273
920,280
921,289
922,345
923,331
924,244
925,166
926,105
927,88
928,49
929,49
930,60
931,49
932,87
933,33
934,29
935,30
936,14
937,15
938,31
939,16
940,9
941,8
942,3
943,6
944,4
945,4
946,4
947,2
948,3
949,3
950,6
951,5
952,1
954,4
956,2
957,1
958,3
959,1
960,2
961,1
962,5
963,1
964,2
965,2
966,3
967,1
968,3
969,1
970,2
971,2
972,2
973,3
975,2
976,1
980,1
981,1
982,2
983,1
984,1
985,3
986,3
987,2
989,1
990,3
991,2
994,1
995,1
1000,1
1001,1
1002,6
1004,1
1005,1
1008,1
1009,2
1012,1
1013,1
1015,1
1022,1
1028,1
1030,2
1033,1
1034,1
1035,1
1040,3
1042,1
1043,1
1045,1
1055,1
1062,1
1078,1
1079,1
1086,1
1088,1
1089,1
1091,1
1092,1
1094,2
1095,1
1099,3
1100,2
1103,1
1105,1
1106,1
1109,1
1110,1
1111,1
1116,1
1118,1
1140,1
1143,1
1145,2
1150,3
1153,1
1162,1
1163,1
1164,1
1176,1
1184,1
1185,2
1194,1
1197,2
1199,2
1200,3
1202,1
1205,1
1207,1
1209,15
1210,1
1212,3
1217,2
1226,1
1229,1
1230,1
1234,1
1235,1
1240,3
1244,1
1245,1
1247,1
1250,5
1257,1
1266,1
1269,1
1273,2
1276,1
1277,1
1281,1
1283,1
1285,1
1300,2
1309,2
1312,1
1315,1
1319,1
1320,1
1323,1
1332,2
1333,1
1334,1
1338,1
1340,1
1342,1
1350,3
1351,2
1354,2
1356,1
1359,2
1360,1
1361,2
1362,1
1363,2
1364,4
1365,1
1367,3
1368,1
1369,1
1370,3
1371,2
1372,1
1383,1
1384,1
1386,1
1388,1
1392,2
1397,1
1399,2
1401,1
1402,4
1409,2
1412,2
1414,1
1416,1
1422,1
1435,1
1436,1
1440,1
1450,1
1454,1
1455,1
1462,1
1465,2
1469,1
1471,1
1472,1
1479,4
1480,1
1481,1
1482,1
1483,1
1485,3
1487,4
1489,4
1491,3
1492,1
1493,3
1494,3
1498,1
1501,3
1502,5
1503,1
1504,3
1505,3
1509,2
1511,2
1515,1
1518,4
1524,1
1531,1
1532,1
1533,1
1535,1
1539,1
1543,1
1544,1
1548,3
1566,1
1571,4
1597,1
1598,1
1599,1
1600,5
1602,1
1609,1
1612,3
1623,1
1627,1
1628,1
1636,3
1639,1
1644,3
1645,1
1649,4
1650,2
1651,1
1652,1
1653,1
1654,1
1655,1
1659,1
1661,2
1666,2
1667,1
1668,1
1697,1
1699,1
1700,1
1709,7
1710,3
1712,5
1717,2
1720,1
1721,1
1736,1
1750,4
1751,1
1758,1
1759,1
1777,1
1789,1
1795,1
1796,1
1797,1
1802,1
1807,1
1809,2
1819,1
1823,1
1826,1
1841,1
1842,1
1846,3
1847,1
1857,2
1863,1
1868,1
1871,1
1875,1
1879,2
1887,1
1890,1
1893,1
1895,1
1899,2
1900,1
1901,1
1904,5
1914,1
1916,1
1921,2
1934,2
1935,1
1936,1
1940,3
1943,1
1945,2
1951,1
1985,1
1996,1
1998,2
2006,2
2012,1
2016,2
2025,1
2026,2
2028,2
2032,2
2039,1
2040,1
2041,1
2042,1
2043,1
2046,1
2048,1
2050,1
2051,2
2052,1
2058,1
2061,3
2064,1
2069,2
2072,5
2079,3
2080,1
2089,3
2090,1
2092,3
2097,2
2102,5
2112,1
2116,2
2120,2
2121,1
2136,2
2154,1
2159,2
2167,1
2202,1
2212,1
2216,1
2231,5
2237,6
2245,3
2247,1
2248,1
2250,1
2253,1
2254,3
2256,1
2262,4
2273,1
2274,2
2275,3
2277,2
2280,1
2288,2
2292,1
2293,2
2295,1
2296,1
2306,1
2310,1
2313,2
2318,1
2323,1
2325,1
2337,1
2342,1
2343,1
2350,2
2351,2
2352,2
2355,1
2367,3
2371,1
2375,2
2376,1
2377,1
2378,1
2380,1
2382,2
2383,2
2384,2
2386,2
2387,1
2390,3
2391,1
2394,1
2395,2
2398,1
2401,1
2402,1
2404,3
2405,1
2406,2
2407,1
2408,5
2409,4
2410,2
2411,3
2412,1
2413,2
2414,3
2415,4
2416,1
2417,4
2418,5
2419,3
2420,2
2421,4
2422,4
2423,13
2424,4
2425,5
2426,7
2427,11
2428,9
2429,6
2430,20
2431,6
2432,9
2433,8
2434,6
2435,15
2436,16
2437,15
2438,12
2439,20
2440,35
2441,31
2442,48
2443,64
2444,72
2445,87
2446,102
2447,87
2448,136
2449,167
2450,147
2451,202
2452,199
2453,177
2454,178
2455,220
2456,234
2457,270
2458,294
2459,393
2460,480
2461,544
2462,530
2463,464
2464,331
2465,289
2466,297
2467,270
2468,272
2469,286
2470,214
2471,213
2472,157
2473,132
2474,112
2475,89
2476,98
2477,52
2478,74
2479,80
2480,61
2481,45
2482,70
2483,56
2484,59
2485,45
2486,32
2487,39
2488,27
2489,35
2490,29
2491,28
2492,26
2493,14
2494,21
2495,20
2496,11
2497,16
2498,11
2499,10
2500,5
2501,9
2502,9
2503,4
2504,6
2505,5
2506,4
2507,1
2508,6
2509,4
2510,5
2511,2
2512,9
2513,2
2514,3
2515,5
2516,1
2517,5
2519,1
2520,3
2521,1
2522,3
2523,7
2524,3
2526,1
2527,1
2528,2
2529,4
2530,4
2531,1
2532,1
2534,1
2535,1
2536,1
2539,3
2540,1
2544,1
2547,1
2552,1
2555,1
2561,1
2565,2
2566,34
2569,3
2576,1
2581,1
2611,34
2613,1
2620,1
2631,3
2636,1
2637,1
2650,2
2653,1
2659,1
2664,1
2694,1
2712,2
2727,1
2750,4
2775,1
2797,1
2808,1
2812,1
2813,1
2814,36
2837,1
2850,1
2879,1
2885,37
2900,1
2912,1
2953,2
2966,1
2978,1
2996,1
3050,1
3083,1
3086,1
3087,1
3201,1
3212,3
3225,1
3262,1
3298,1
3350,1
3547,1
3550,1
3600,1
3640,1
3712,1
3725,1
3750,1
3809,1
3812,1
3822,1
3855,1
3893,1
3940,2
3943,1
3981,1
4000,1
4100,2
4200,1
4209,2
4212,2
4238,1
4250,4
4264,1
4271,1
4443,1
4600,3
4649,1
4650,1
4672,1
4750,2
4764,1
4882,1
4928,1
4950,1
4951,1
4975,1
4999,1
5032,1
5053,1
5100,2
5139,1
5164,1
5200,1
5282,1
5317,2
5324,1
5329,6
5350,1
5377,18
5396,1
5437,8
5453,1
5485,4
5513,9
5515,20
5519,1
5520,1
5529,1
5545,1
5612,1
5743,1
5747,1
5750,2
5765,1
5852,1
5871,3
5902,1
5904,1
5908,2
5911,1
5913,1
5917,3
5919,2
5920,1
5922,2
5923,1
5924,1
5925,1
5926,1
5928,1
5931,2
5933,1
5987,11
6040,1
6050,1
6128,7
6234,37
6272,16
6277,1
6284,1
6361,2
6363,1
6367,8
6396,3
6409,7
6435,16
6437,1
6482,5
6494,1
6513,11
6522,2
6549,1
6553,1
6554,1
6557,1
6558,2
6566,6
6568,1
6572,1
6573,1
6574,1
6592,1
6600,2
6601,36
6624,1
6626,7
6682,1
6746,1
6750,2
6786,5
6868,5
6869,1
7025,1
7062,1
7073,36
7100,3
7200,1
7229,1
7276,1
7288,1
7435,1
7450,1
7550,1
7573,1
7578,1
7580,1
7583,1
7600,2
7606,1
7623,1
7643,1
7648,2
7685,1
7700,1
7750,2
7773,1
7800,4
7855,1
7907,1
7950,1
7970,1
7997,1
8020,1
8100,1
8140,1
8150,1
8170,1
8250,3
8468,1
8500,1
8600,2
8638,1
8676,1
8750,2
8820,1
9066,1
9331,1
9450,1
9521,1
9550,1
9600,9
9650,2
9671,1
9700,1
9750,7
9778,1
9893,2
9971,1
10050,1
10250,1
10277,1
10427,1
10700,1
10735,1
10737,1
11600,1
12100,1
13892,1
14268,1
14405,1
14711,2
15400,1
15550,1
15584,1
17546,1
18100,1
18250,1
20900,2
21050,1
72450,1
132978,1
272554,1
9967876,1
9972350,1
