distance_ticks,count
0,20588
1,5636
2,2985
3,2204
4,1981
5,1554
6,1285
7,1011
8,1014
9,798
10,690
11,641
12,598
13,585
14,669
15,718
16,488
17,498
18,590
19,603
20,575
21,392
22,452
23,455
24,529
25,317
26,299
27,272
28,234
29,323
30,272
31,279
32,249
33,223
34,237
35,301
36,271
37,388
38,426
39,445
40,507
41,559
42,695
43,701
44,663
45,649
46,591
47,698
48,685
49,793
50,907
51,721
52,729
53,652
54,708
55,595
56,708
57,711
58,289
59,155
60,151
61,132
62,102
63,66
64,56
65,58
66,76
67,76
68,66
69,57
70,65
71,68
72,43
73,59
74,79
75,71
76,52
77,45
78,54
79,66
80,36
81,24
82,24
83,30
84,46
85,63
86,58
87,16
88,9
89,12
90,8
91,13
92,10
93,3
94,6
95,7
96,2
97,4
98,7
99,6
100,7
101,7
102,7
103,3
104,2
105,5
106,6
107,2
108,4
109,2
110,2
111,3
112,5
113,2
114,5
115,4
116,5
117,6
118,1
119,6
120,7
121,3
122,4
123,2
124,3
125,3
126,4
128,1
129,1
130,5
131,3
133,1
134,4
135,2
136,5
137,1
138,7
139,8
140,7
141,9
142,14
143,11
144,8
145,3
146,1
148,2
149,5
151,2
153,2
154,1
155,3
157,8
159,1
161,2
162,4
163,1
164,1
165,1
166,2
167,1
168,1
169,4
170,2
171,3
172,4
173,4
174,3
175,5
176,7
177,1
178,3
179,2
180,3
181,2
182,1
183,3
184,2
186,1
187,2
188,1
189,3
191,5
192,3
193,2
194,1
195,3
196,2
197,3
198,1
199,10
200,3
201,5
202,3
203,1
204,5
205,9
206,8
207,4
208,5
209,3
210,4
211,14
212,12
213,7
214,18
215,21
216,45
217,125
218,152
219,141
220,162
221,203
222,108
223,49
224,23
225,20
226,21
227,4
228,13
229,24
230,10
231,11
232,18
233,19
234,20
235,18
236,21
237,38
238,74
239,159
240,323
241,459
242,619
243,434
244,382
245,457
246,232
247,128
248,104
249,83
250,157
251,340
252,508
253,700
254,518
255,215
256,135
257,91
258,61
259,47
260,34
261,29
262,16
263,4
264,4
265,5
266,1
267,2
268,2
269,2
270,1
271,3
272,3
273,5
274,3
275,1
277,1
279,2
280,5
282,1
285,2
289,1
290,2
291,1
297,1
301,2
304,3
306,1
307,3
309,1
312,1
315,1
316,1
320,1
322,1
323,1
324,1
325,2
326,2
327,1
329,2
330,1
333,1
334,2
335,3
339,2
340,1
345,1
349,2
350,1
351,1
354,1
359,2
363,1
364,1
370,1
373,1
376,1
377,1
379,1
380,1
388,1
389,1
391,3
398,2
400,1
401,4
403,1
411,1
414,1
421,1
424,1
432,1
435,2
437,2
439,4
440,4
441,2
444,3
445,1
446,1
461,3
462,3
464,2
465,1
466,2
467,2
468,1
471,1
473,1
475,1
487,6
489,7
494,2
501,7
506,2
509,1
510,2
511,1
513,2
514,3
519,1
520,1
521,1
522,1
523,1
536,3
538,4
539,5
540,1
541,1
542,4
543,1
544,1
546,1
547,2
548,2
552,2
553,7
555,1
556,2
557,1
559,2
560,1
561,4
562,2
564,1
565,3
566,6
567,3
568,2
569,6
570,1
571,11
572,11
573,25
574,45
575,130
576,123
577,72
578,81
579,85
580,107
581,257
582,289
583,193
584,170
585,87
586,61
587,35
588,31
589,24
590,24
591,24
592,13
593,3
594,3
597,1
598,4
601,1
607,1
616,1
620,1
637,2
639,3
652,2
653,3
654,1
662,3
663,1
668,1
670,1
673,2
677,1
683,2
685,1
693,1
694,1
697,1
698,1
701,1
702,1
716,1
717,1
727,2
729,1
730,1
735,1
741,2
743,2
745,1
750,1
752,2
753,7
758,2
759,1
761,2
772,2
773,3
774,1
779,1
789,1
797,4
801,4
803,2
809,2
810,1
823,1
825,3
827,1
839,2
840,4
847,3
848,1
851,1
852,2
862,3
868,1
877,1
888,1
890,1
901,1
911,1
914,1
927,1
936,1
938,1
939,3
940,2
942,1
944,1
946,1
950,3
952,1
953,3
957,1
963,1
970,1
973,2
975,1
976,1
977,1
996,1
1002,1
1035,2
1037,1
1038,1
1039,1
1042,2
1051,1
1052,10
1053,2
1055,1
1072,2
1073,5
1088,1
1091,1
1100,1
1101,2
1102,1
1103,1
1126,1
1139,2
1141,1
1143,1
1145,1
1146,1
1151,1
1153,1
1173,5
1179,1
1198,1
1201,1
1223,2
1230,1
1252,1
1253,8
1259,2
1273,4
1301,2
1317,1
1320,1
1323,4
1342,1
1348,1
1351,1
1353,1
1358,1
1359,1
1362,2
1366,2
1373,3
1379,1
1380,1
1383,1
1388,1
1389,2
1423,1
1433,1
1439,3
1453,2
1470,1
1473,3
1477,1
1484,1
1489,1
1523,1
1535,2
1539,5
1541,1
1550,1
1551,4
1552,4
1553,2
1559,1
1572,1
1573,9
1601,1
1602,2
1611,1
1626,1
1651,1
1653,1
1659,1
1662,1
1673,1
1689,1
1690,1
1691,2
1692,4
1694,4
1695,2
1699,3
1701,1
1703,1
1735,1
1751,1
1752,1
1753,5
1766,1
1773,3
1774,1
1786,1
1797,1
1801,6
1823,3
1839,1
1852,3
1857,1
1862,1
1873,1
1876,1
1901,1
1923,1
1925,1
1926,1
1927,1
1941,1
1958,1
1973,2
2001,1
2015,2
2026,11
2029,27
2039,6
2045,1
2051,10
2052,2
2054,27
2055,1
2061,3
2064,2
2066,1
2073,2
2074,10
2079,27
2090,1
2093,2
2099,3
2101,1
2106,1
2111,1
2112,1
2114,3
2157,1
2158,37
2177,1
2197,1
2224,1
2273,16
2279,2
2281,36
2286,1
2301,2
2304,8
2309,38
2312,2
2335,2
2337,34
2351,35
2352,2
2358,2
2362,1
2365,2
2368,34
2373,1
2461,2
2527,1
2542,2
2549,1
2557,1
2573,2
2620,2
2906,2
2909,1
3042,1
3052,1
3053,1
3168,2
3340,1
3364,1
3440,1
3448,1
3560,1
3626,1
3874,1
3888,1
4174,1
4423,1
4436,1
4770,1
