distance_ticks,count
0,24273
1,15022
2,5143
3,3148
4,2370
5,2153
6,1896
7,2135
8,1457
9,1503
10,1171
11,1262
12,991
13,751
14,793
15,733
16,794
17,647
18,853
19,492
20,600
21,519
22,403
23,380
24,654
25,300
26,204
27,215
28,177
29,190
30,166
31,104
32,173
33,127
34,151
35,141
36,156
37,153
38,150
39,131
40,82
41,94
42,69
43,61
44,72
45,77
46,150
47,145
48,133
49,97
50,100
51,98
52,132
53,126
54,178
55,176
56,156
57,189
58,158
59,169
60,148
61,190
62,183
63,222
64,207
65,239
66,226
67,216
68,227
69,210
70,187
71,189
72,173
73,167
74,146
75,149
76,161
77,136
78,132
79,122
80,101
81,101
82,106
83,108
84,109
85,85
86,83
87,88
88,74
89,62
90,70
91,62
92,57
93,48
94,58
95,49
96,54
97,42
98,39
99,31
100,39
101,50
102,32
103,24
104,20
105,28
106,29
107,23
108,29
109,12
110,21
111,25
112,14
113,15
114,16
115,33
116,27
117,34
118,31
119,18
120,24
121,21
122,22
123,14
124,17
125,13
126,13
127,8
128,21
129,15
130,13
131,17
132,11
133,5
134,12
135,12
136,7
137,7
138,8
139,6
140,8
141,12
142,19
143,12
144,6
145,10
146,1
147,5
148,8
149,8
150,6
151,6
152,6
153,11
154,7
155,11
156,6
157,7
158,11
159,4
160,6
161,4
162,6
163,6
164,2
165,4
166,8
167,2
168,8
169,6
170,5
171,8
172,2
173,1
174,5
175,2
176,2
177,3
178,3
179,2
180,4
181,8
182,2
183,5
185,2
186,1
187,1
188,1
190,1
192,1
193,2
194,1
195,2
196,1
199,2
200,3
201,2
202,3
203,1
204,1
205,2
206,3
207,1
208,4
210,4
212,3
214,2
215,2
216,1
217,2
218,1
219,1
220,3
221,1
222,1
223,2
224,1
225,1
226,1
227,2
228,2
229,3
230,1
231,1
232,2
233,2
234,2
235,1
238,2
239,1
240,1
241,1
242,1
244,1
245,1
247,1
248,1
249,1
250,1
253,2
256,3
259,1
261,1
263,1
267,2
268,2
272,1
273,2
275,2
276,1
277,2
278,2
279,3
281,2
284,2
285,1
286,1
287,1
290,2
291,1
292,1
293,3
294,3
295,1
297,1
298,2
301,1
303,1
309,2
314,2
317,1
322,1
323,3
328,1
335,1
340,1
343,2
345,1
350,1
351,1
353,1
356,2
360,1
361,1
365,2
366,2
368,2
371,1
372,3
373,1
374,2
375,1
376,2
377,2
378,1
381,1
382,2
384,1
385,1
386,5
387,3
388,2
389,3
390,4
391,1
392,2
393,3
394,6
395,6
396,8
397,1
398,9
399,7
400,7
401,13
402,9
403,18
404,16
405,38
406,57
407,100
408,116
409,157
410,172
411,177
412,180
413,136
414,104
415,118
416,127
417,134
418,147
419,98
420,68
421,69
422,85
423,65
424,67
425,76
426,89
427,118
428,156
429,278
430,411
431,653
432,987
433,1256
434,1270
435,855
436,466
437,253
438,127
439,90
440,79
441,50
442,41
443,36
444,25
445,20
446,14
447,11
448,5
449,3
450,7
451,6
452,4
453,3
454,1
455,2
456,2
457,2
458,1
459,2
461,3
462,3
463,3
464,2
465,2
466,3
468,2
469,1
470,1
471,1
472,3
473,2
474,3
475,6
476,10
477,9
478,15
479,12
480,15
481,20
482,14
483,19
484,30
485,31
486,56
487,91
488,89
489,161
490,265
491,375
492,561
493,472
494,352
495,206
496,175
497,134
498,117
499,68
500,28
501,16
502,10
503,9
504,10
505,7
506,5
507,9
508,4
509,4
510,1
511,2
512,2
513,4
514,6
515,8
516,4
517,6
518,4
519,7
520,2
521,4
523,4
524,3
525,3
526,5
527,8
528,5
529,4
530,3
531,2
532,3
533,8
534,6
535,6
536,4
537,5
538,17
539,8
540,12
541,24
542,14
543,35
544,31
545,50
546,37
547,40
548,60
549,90
550,123
551,173
552,390
553,570
554,723
555,688
556,684
557,622
558,420
559,207
560,175
561,181
562,153
563,95
564,74
565,44
566,26
567,21
568,11
569,10
570,5
571,4
572,3
573,4
574,9
575,8
576,4
577,4
578,4
579,5
580,9
581,2
582,4
583,4
584,4
585,4
586,5
587,3
588,3
589,4
591,1
592,1
593,1
594,6
595,4
596,1
599,2
601,1
603,1
604,1
605,1
611,1
620,1
622,1
626,1
630,1
662,1
663,1
665,1
677,2
681,1
683,1
684,2
685,1
686,1
689,1
691,1
703,2
715,1
717,1
722,3
724,1
729,1
732,1
748,3
751,1
764,1
772,1
781,1
793,1
800,1
802,1
818,1
822,3
824,1
834,1
835,2
842,1
843,1
844,1
849,1
868,2
876,1
878,1
887,1
889,1
907,1
921,1
922,1
926,1
945,1
953,1
955,3
958,1
960,1
961,1
968,1
973,1
978,2
980,1
983,2
987,1
996,2
1025,2
1028,1
1031,2
1032,1
1033,1
1041,1
1056,1
1060,3
1065,2
1069,3
1086,1
1089,1
1091,1
1097,1
1107,1
1108,1
1109,3
1122,1
1142,1
1148,1
1150,1
1153,1
1161,1
1163,1
1165,1
1177,1
1182,3
1183,1
1194,1
1212,1
1234,3
1244,3
1252,1
1255,1
1261,1
1278,1
1292,1
1299,32
1339,2
1350,1
1361,1
1372,1
1378,1
1380,1
1381,2
1383,1
1386,1
1387,2
1388,2
1389,2
1390,3
1391,4
1392,4
1393,7
1394,4
1395,6
1396,14
1397,14
1398,15
1399,22
1400,29
1401,30
1402,44
1403,69
1404,89
1405,115
1406,138
1407,187
1408,203
1409,235
1410,294
1411,340
1412,348
1413,459
1414,393
1415,290
1416,174
1417,110
1418,71
1419,40
1420,27
1421,17
1422,15
1423,5
1424,8
1425,10
1426,7
1427,4
1428,3
1429,4
1430,3
1434,1
1435,1
1436,1
1450,4
1483,1
1497,1
1530,1
1574,1
1575,3
1581,1
1582,1
1669,1
1726,1
1770,1
2195,1
2255,2
2257,1
2547,2
2651,1
2655,1
2669,1
2744,1
2767,1
2796,1
2797,28
2877,1
2897,29
2907,1
2935,2
2959,1
2976,1
3014,1
3066,1
3112,35
3145,1
3178,2
3199,1
3274,24
3290,2
3317,8
3438,1
3448,1
3500,1
3655,1
3660,33
3694,8
3702,1
3704,1
3705,1
3708,3
3709,2
3710,1
3712,1
3715,1
3744,1
3757,1
3762,1
3763,2
3764,1
3765,1
3766,3
3767,3
3768,6
3769,1
3772,1
3784,1
3879,1
3891,33
3903,1
3962,1
4067,1
4335,1
4600,1
4700,1
5200,2
5350,1
5476,1
5483,2
5720,1
5767,1
5797,1
6683,1
6700,1
7183,2
7683,1
7687,1
10183,1
13539,1
14199,1
18718,1
