distance_ticks,count
0,1091119
1,134330
2,50382
3,46862
4,55674
5,49344
6,33799
7,27724
8,24715
9,18841
10,13454
11,9948
12,7498
13,6451
14,4921
15,4943
16,5049
17,3292
18,2991
19,3016
20,3153
21,2435
22,2022
23,1862
24,2999
25,2342
26,1126
27,1323
28,1353
29,893
30,909
31,1317
32,5626
33,4612
34,1288
35,715
36,663
37,638
38,657
39,434
40,500
41,501
42,615
43,893
44,1183
45,924
46,677
47,636
48,650
49,733
50,771
51,691
52,709
53,647
54,709
55,647
56,674
57,707
58,734
59,677
60,681
61,728
62,668
63,1101
64,1019
65,2375
66,4463
67,5870
68,2217
69,1465
70,588
71,513
72,439
73,627
74,1213
75,3181
76,1851
77,708
78,492
79,377
80,477
81,557
82,382
83,348
84,435
85,259
86,264
87,264
88,367
89,321
90,251
91,403
92,345
93,371
94,264
95,281
96,614
97,2479
98,5177
99,3634
100,3606
101,1990
102,700
103,233
104,385
105,279
106,204
107,209
108,203
109,204
110,172
111,259
112,176
113,285
114,197
115,237
116,224
117,242
118,236
119,360
120,265
121,266
122,362
123,261
124,251
125,242
126,190
127,222
128,195
129,266
130,274
131,419
132,317
133,309
134,361
135,427
136,397
137,378
138,503
139,511
140,554
141,611
142,557
143,485
144,566
145,540
146,420
147,460
148,454
149,507
150,593
151,481
152,477
153,410
154,502
155,541
156,452
157,575
158,503
159,450
160,492
161,316
162,491
163,411
164,320
165,324
166,276
167,286
168,283
169,336
170,451
171,467
172,357
173,347
174,243
175,167
176,173
177,144
178,259
179,200
180,344
181,295
182,396
183,215
184,161
185,194
186,137
187,110
188,143
189,107
190,110
191,118
192,168
193,95
194,91
195,115
196,155
197,217
198,182
199,325
200,223
201,229
202,256
203,208
204,260
205,206
206,137
207,229
208,112
209,116
210,101
211,109
212,162
213,165
214,86
215,69
216,65
217,89
218,95
219,88
220,96
221,133
222,133
223,151
224,65
225,48
226,32
227,31
228,33
229,30
230,26
231,58
232,119
233,38
234,35
235,46
236,38
237,37
238,38
239,25
240,59
241,27
242,52
243,75
244,46
245,149
246,47
247,47
248,82
249,61
250,78
251,47
252,115
253,102
254,82
255,145
256,94
257,149
258,167
259,216
260,173
261,212
262,342
263,317
264,307
265,360
266,362
267,519
268,660
269,537
270,531
271,747
272,745
273,669
274,553
275,490
276,703
277,858
278,902
279,791
280,758
281,726
282,1011
283,623
284,629
285,639
286,752
287,747
288,804
289,666
290,592
291,571
292,662
293,634
294,623
295,577
296,678
297,737
298,757
299,773
300,625
301,786
302,783
303,705
304,603
305,563
306,761
307,1023
308,824
309,851
310,668
311,1190
312,1097
313,1195
314,1116
315,1025
316,1115
317,1249
318,1201
319,1511
320,1152
321,1736
322,1626
323,1555
324,1790
325,1308
326,1507
327,1638
328,1596
329,1645
330,1583
331,2251
332,2053
333,1845
334,1793
335,1240
336,1569
337,1898
338,1841
339,1375
340,1641
341,2399
342,2508
343,1453
344,1241
345,863
346,858
347,789
348,651
349,529
350,528
351,682
352,631
353,565
354,426
355,317
356,341
357,309
358,246
359,148
360,179
361,227
362,194
363,193
364,81
365,90
366,128
367,23
368,114
369,59
370,23
371,187
372,5
373,15
374,12
375,11
376,20
377,15
378,15
379,18
380,16
381,302
382,9
383,29
384,11
385,23
386,32
387,13
388,25
389,15
390,14
391,22
392,22
393,34
394,15
395,10
396,17
397,13
398,176
399,20
400,11
401,21
402,16
403,11
404,10
405,8
406,26
407,28
408,17
409,8
410,13
411,22
412,16
413,25
414,18
415,13
416,13
417,64
418,85
419,15
420,11
421,145
422,4
423,20
424,17
425,26
426,9
427,6
428,15
429,7
430,11
431,41
432,15
433,37
434,14
435,20
436,15
437,79
438,33
439,3
440,13
441,31
442,18
443,59
444,8
445,18
446,30
447,42
448,62
449,22
450,5
451,11
452,21
453,12
454,15
455,10
456,23
457,42
458,10
459,16
460,43
461,31
462,19
463,29
464,20
465,31
466,171
467,81
468,25
469,15
470,35
471,43
472,37
473,108
474,17
475,14
476,19
477,31
478,21
479,13
480,17
481,150
482,35
483,12
484,15
485,38
486,70
487,230
488,12
489,26
490,15
491,27
492,54
493,22
494,22
495,16
496,9
497,33
498,23
499,135
500,17
501,13
502,24
503,32
504,20
505,20
506,28
507,59
508,43
509,43
510,38
511,45
512,26
513,71
514,35
515,51
516,44
517,38
518,115
519,42
520,36
521,43
522,36
523,327
524,20
525,46
526,32
527,38
528,45
529,30
530,27
531,68
532,29
533,38
534,11
535,27
536,30
537,21
538,12
539,28
540,21
541,108
542,31
543,28
544,24
545,8
546,19
547,24
548,31
549,50
550,12
551,26
552,15
553,14
554,4
555,2
556,10
557,21
558,20
559,8
560,12
561,9
562,29
563,13
564,9
565,12
566,9
567,34
568,230
569,8
570,4
571,33
572,104
573,20
574,13
575,2
576,1
577,20
578,12
579,13
580,14
581,18
582,349
583,22
584,9
585,12
586,7
587,25
588,10
589,9
590,5
591,8
592,43
593,202
594,52
595,12
596,3
597,27
598,291
599,6
600,6
601,6
602,24
603,4
604,13
605,11
606,8
607,33
608,41
609,18
610,18
611,3
612,16
613,13
614,6
615,4
616,16
617,7
618,56
619,6
620,6
621,24
622,160
623,14
624,6
625,8
626,4
627,10
628,10
629,7
630,9
631,6
632,44
633,7
634,7
635,8
636,7
637,2
638,11
639,3
640,8
641,9
642,19
643,15
644,7
645,4
646,9
647,79
648,65
649,8
650,10
651,1
652,19
653,13
654,2
655,4
656,23
657,37
658,21
659,17
660,9
661,10
662,36
663,13
664,9
665,3
666,18
667,17
668,273
669,6
670,10
671,20
672,69
673,7
674,6
675,2
676,4
677,17
678,2
679,15
680,11
681,12
682,66
683,90
684,6
685,9
686,8
687,19
688,8
689,5
690,9
691,16
692,26
693,60
694,60
695,17
696,7
697,153
698,8
699,13
700,1
701,3
702,7
703,9
704,12
705,2
706,3
707,27
708,8
709,8
710,4
711,4
712,5
713,3
714,15
715,5
716,5
717,31
718,6
719,15
720,2
721,9
722,8
723,15
724,139
725,51
726,4
727,5
728,7
729,3
730,7
731,2
732,7
733,53
734,3
735,4
736,2
737,7
738,5
739,4
740,4
741,1
742,10
743,44
744,3
745,9
746,3
747,20
748,41
749,9
750,12
751,3
752,3
753,8
754,3
755,9
756,1
757,8
758,12
759,3
760,5
761,4
762,4
763,10
764,2
765,9
766,5
767,55
768,7
769,4
770,7
771,21
772,5
773,20
774,6
775,52
776,1
777,7
778,11
779,3
780,7
781,3
782,6
783,151
784,2
785,13
787,9
788,13
789,5
790,4
791,1
792,19
793,110
794,9
795,7
796,5
797,3
798,259
799,3
800,10
801,1
802,5
803,11
804,2
805,9
806,6
807,34
808,17
809,1
810,6
811,8
812,3
813,5
814,2
815,9
816,2
817,15
818,7
819,7
820,5
821,13
822,7
823,7
824,11
825,295
826,2
827,2
829,9
830,6
831,1
832,4
833,9
834,50
835,6
836,3
837,6
838,2
839,4
840,4
841,3
842,5
843,32
844,1
845,6
846,4
847,10
848,21
849,18
850,12
851,4
852,1
853,3
854,8
855,7
856,4
857,2
858,4
859,12
860,7
861,6
862,8
863,5
864,8
865,6
866,2
867,3
868,54
869,2
870,5
871,22
872,3
873,10
874,11
875,20
876,2
877,1
878,10
879,9
880,3
881,4
882,5
883,14
884,110
885,9
886,4
887,4
888,7
889,11
890,9
891,2
892,10
893,87
894,63
895,7
896,8
897,10
898,4
899,72
900,14
902,2
903,10
904,20
905,5
906,7
907,4
908,3
909,10
910,12
911,3
912,2
913,2
914,6
915,5
916,1
917,3
918,31
919,15
920,1
921,4
922,5
923,6
924,8
925,78
926,5
927,4
928,3
929,6
930,2
931,8
932,3
933,4
934,38
935,2
936,2
937,3
938,3
939,4
940,3
941,33
942,2
943,1
944,3
945,3
946,3
947,9
948,16
949,11
950,6
951,3
952,7
953,5
954,5
955,6
956,3
957,1
958,3
959,7
960,3
961,4
962,3
963,5
964,5
965,3
966,5
967,6
968,43
969,4
970,1
971,4
972,6
973,5
974,8
975,8
976,3
977,3
978,3
980,4
981,5
982,8
983,2
984,102
985,3
986,3
987,2
988,2
989,5
990,4
991,3
992,140
993,3
994,4
995,4
996,6
997,2
998,8
999,40
1000,1
1001,2
1002,5
1003,5
1004,9
1005,5
1006,2
1007,6
1008,2
1009,9
1010,6
1011,3
1012,5
1014,4
1015,15
1016,4
1017,2
1018,14
1019,3
1020,3
1021,3
1022,3
1024,5
1025,52
1026,2
1027,2
1028,2
1029,2
1030,3
1032,3
1034,21
1035,2
1036,1
1037,2
1039,2
1040,3
1041,6
1042,6
1043,20
1044,3
1045,2
1046,9
1047,1
1048,15
1050,1
1051,1
1054,6
1055,2
1056,2
1057,1
1058,3
1059,2
1060,3
1061,3
1063,3
1064,2
1065,5
1066,1
1067,4
1068,31
1069,2
1070,3
1071,4
1072,4
1073,2
1074,15
1075,18
1076,2
1077,2
1078,1
1079,4
1080,3
1081,2
1082,2
1083,11
1084,152
1085,10
1086,6
1087,1
1088,2
1089,3
1090,1
1091,3
1092,47
1093,179
1094,2
1095,3
1096,48
1097,2
1098,2
1099,2
1100,2
1102,6
1103,4
1104,5
1105,4
1106,1
1107,7
1108,3
1109,5
1110,1
1111,2
1112,5
1114,3
1115,7
1116,5
1117,5
1118,6
1119,3
1120,1
1121,2
1122,1
1123,5
1124,5
1125,75
1126,4
1128,1
1129,3
1130,2
1131,1
1134,11
1135,2
1136,2
1137,1
1138,1
1139,1
1140,2
1142,16
1143,3
1144,1
1145,2
1146,4
1147,1
1148,10
1149,5
1150,1
1152,2
1153,2
1155,1
1156,2
1157,5
1158,4
1159,3
1160,5
1161,2
1162,1
1163,5
1164,4
1165,3
1166,5
1167,5
1168,88
1169,7
1170,1
1171,6
1172,3
1173,3
1174,6
1175,10
1176,3
1177,3
1179,4
1180,2
1181,5
1182,2
1183,2
1184,23
1185,5
1186,4
1187,2
1188,3
1189,4
1190,4
1191,70
1192,6
1193,2
1194,2
1195,2
1196,21
1197,1
1198,2
1199,1
1200,1
1201,1
1202,1
1203,4
1204,2
1205,5
1206,2
1207,5
1209,4
1210,1
1211,6
1212,1
1213,3
1214,6
1215,8
1216,4
1217,14
1218,2
1219,4
1220,3
1221,4
1222,3
1223,1
1224,4
1225,35
1226,2
1227,1
1228,1
1230,1
1232,3
1233,2
1234,4
1235,1
1236,3
1237,1
1238,1
1239,2
1240,3
1241,12
1242,5
1244,1
1245,1
1246,7
1248,3
1249,2
1250,1
1251,2
1254,1
1256,2
1257,2
1258,3
1259,4
1260,3
1261,4
1263,2
1264,3
1265,4
1266,6
1267,28
1268,4
1269,1
1270,1
1271,7
1273,1
1274,3
1275,5
1276,2
1277,4
1278,1
1279,2
1280,2
1281,1
1282,5
1283,2
1284,21
1285,6
1286,1
1287,4
1288,1
1289,3
1290,4
1291,80
1292,7
1293,1
1294,2
1295,2
1296,115
1297,5
1298,3
1301,1
1302,2
1303,3
1304,3
1305,2
1306,4
1307,9
1308,1
1309,2
1311,4
1312,4
1313,2
1314,6
1315,5
1316,8
1317,1
1318,1
1319,5
1320,2
1321,6
1322,1
1323,6
1324,143
1325,4
1326,2
1328,2
1329,3
1331,4
1332,3
1333,3
1334,16
1335,1
1336,1
1337,1
1338,2
1340,4
1341,19
1344,4
1345,1
1346,6
1347,1
1348,6
1350,1
1351,3
1353,2
1354,2
1355,1
1356,2
1357,2
1358,3
1359,2
1360,1
1361,4
1363,1
1364,5
1365,2
1366,6
1367,13
1369,5
1370,1
1371,16
1372,2
1374,2
1375,5
1376,2
1377,2
1378,2
1379,3
1380,1
1381,6
1382,2
1383,5
1384,20
1385,1
1386,2
1387,2
1388,4
1389,2
1390,5
1391,91
1392,2
1393,1
1394,1
1395,5
1396,19
1398,1
1399,1
1400,3
1401,1
1403,1
1404,2
1405,2
1406,1
1407,4
1408,3
1409,1
1410,2
1411,5
1413,1
1414,1
1415,3
1416,5
1418,2
1419,1
1420,2
1422,7
1423,1
1424,1
1425,27
1426,1
1427,2
1428,2
1429,1
1430,1
1431,2
1432,2
1433,1
1434,5
1435,1
1437,6
1439,3
1440,4
1441,1
1442,16
1443,1
1444,1
1446,3
1447,3
1448,5
1449,1
1450,1
1451,1
1452,2
1453,1
1454,1
1455,1
1456,1
1457,3
1458,1
1459,1
1460,3
1461,1
1462,4
1463,2
1465,1
1466,1
1467,8
1469,2
1471,1
1472,2
1474,4
1475,6
1477,2
1479,1
1480,2
1481,3
1482,4
1483,1
1484,15
1485,4
1486,2
1487,9
1488,1
1489,1
1491,1
1492,47
1494,2
1495,1
1496,22
1497,2
1499,1
1502,4
1504,2
1505,3
1507,8
1508,2
1511,1
1512,7
1513,2
1514,1
1515,1
1517,4
1519,4
1520,1
1521,5
1522,5
1523,2
1524,1
1525,31
1526,1
1527,4
1528,1
1532,10
1534,2
1535,1
1536,3
1537,5
1538,1
1542,11
1544,1
1545,3
1547,4
1548,19
1549,3
1550,3
1551,1
1552,2
1553,1
1554,1
1555,2
1556,1
1557,4
1559,4
1560,4
1562,6
1564,7
1567,7
1569,2
1570,1
1571,5
1572,6
1573,3
1574,8
1575,8
1576,2
1577,5
1579,1
1580,1
1581,4
1582,5
1583,6
1584,51
1585,2
1587,3
1588,1
1589,2
1590,1
1591,5
1592,209
1593,1
1594,1
1595,22
1596,2
1597,3
1598,2
1601,1
1602,8
1603,1
1604,1
1605,1
1607,4
1608,2
1611,2
1612,5
1613,2
1614,3
1615,3
1617,6
1618,1
1619,1
1620,1
1621,3
1622,7
1624,5
1625,34
1626,2
1627,3
1629,2
1631,2
1632,3
1633,1
1634,12
1636,2
1637,5
1639,1
1640,2
1641,4
1642,22
1643,1
1644,1
1645,3
1647,2
1648,5
1649,2
1650,2
1651,1
1652,4
1655,1
1656,1
1657,4
1658,2
1659,1
1660,3
1662,4
1663,1
1665,3
1666,2
1667,11
1668,5
1670,2
1671,3
1672,3
1674,3
1675,1
1676,13
1677,3
1680,3
1681,5
1683,1
1684,20
1685,4
1686,5
1687,2
1688,1
1689,1
1690,4
1691,63
1692,2
1693,4
1694,3
1696,5
1697,16
1698,5
1699,1
1701,3
1702,2
1703,1
1704,2
1705,1
1706,3
1708,1
1709,2
1711,4
1712,2
1713,2
1715,1
1716,5
1718,2
1719,1
1720,2
1721,3
1725,2
1726,29
1731,6
1734,2
1736,3
1737,1
1738,2
1740,2
1741,29
1743,1
1745,1
1746,3
1747,3
1748,7
1751,2
1754,1
1756,4
1757,1
1758,1
1761,3
1763,1
1764,2
1765,1
1766,8
1767,6
1768,3
1769,1
1771,8
1772,1
1774,2
1775,2
1776,7
1777,2
1778,1
1779,1
1780,1
1781,8
1783,1
1784,9
1785,3
1786,4
1787,1
1788,3
1789,4
1790,2
1791,108
1792,2
1793,2
1795,2
1796,5
1797,29
1798,4
1799,2
1800,1
1801,1
1803,2
1805,1
1806,4
1807,4
1809,2
1811,5
1813,1
1814,2
1815,2
1816,7
1817,1
1821,6
1823,1
1825,1
1826,43
1827,1
1831,2
1832,2
1833,1
1835,1
1836,2
1838,3
1839,2
1840,2
1841,33
1845,2
1846,2
1848,9
1849,1
1850,2
1851,4
1853,1
1856,3
1857,2
1858,1
1859,1
1860,1
1861,3
1864,1
1865,2
1866,9
1867,2
1870,1
1871,4
1873,4
1874,1
1876,2
1878,1
1879,1
1880,1
1881,4
1883,1
1884,6
1886,2
1887,3
1888,3
1890,4
1891,80
1892,1
1896,1
1898,1
1901,4
1903,2
1904,1
1905,1
1906,2
1911,4
1914,1
1916,6
1918,1
1921,1
1923,1
1925,2
1926,4
1927,1
1928,1
1933,1
1935,1
1936,3
1937,1
1939,1
1940,1
1941,24
1944,1
1947,1
1948,4
1949,1
1951,1
1952,1
1954,1
1956,1
1963,1
1964,2
1965,1
1966,1
1967,4
1970,1
1971,1
1972,1
1973,2
1975,1
1976,1
1978,1
1979,1
1980,2
1981,3
1983,1
1984,2
1985,1
1986,1
1987,1
1988,2
1989,1
1990,1
1991,51
1992,2
1997,1
1998,6
1999,2
2000,3
2001,1
2002,2
2003,4
2004,3
2006,2
2007,1
2009,1
2011,1
2012,1
2013,2
2016,1
2018,1
2019,1
2021,2
2023,1
2024,1
2026,7
2028,1
2031,2
2034,1
2041,6
2047,1
2048,10
2050,1
2051,1
2053,1
2056,1
2057,2
2059,1
2062,1
2066,2
2067,22
2070,1
2071,3
2073,1
2074,2
2077,1
2078,2
2079,1
2080,1
2081,3
2082,1
2084,5
2085,2
2087,3
2090,1
2091,118
2093,1
2096,1
2098,4
2100,1
2102,1
2103,1
2105,3
2106,2
2107,1
2109,1
2112,1
2113,1
2115,1
2117,2
2124,1
2126,7
2128,1
2130,1
2138,1
2139,1
2141,3
2145,1
2146,1
2148,2
2151,2
2152,1
2153,1
2156,3
2157,3
2158,1
2161,1
2162,2
2164,1
2165,2
2166,12
2168,1
2171,1
2174,1
2180,1
2181,2
2184,3
2188,1
2191,26
2192,2
2193,2
2194,1
2198,2
2199,1
2208,1
2209,2
2211,1
2215,1
2217,1
2223,1
2226,4
2228,1
2229,1
2232,1
2239,1
2240,1
2241,1
2242,3
2245,1
2248,1
2250,1
2255,1
2259,1
2264,1
2267,1
2270,1
2272,1
2274,1
2282,1
2283,1
2284,4
2285,1
2286,1
2287,3
2288,1
2290,2
2291,2
2292,17
2296,2
2297,1
2298,9
2300,1
2302,2
2305,1
2307,2
2315,1
2317,2
2325,1
2326,12
2327,4
2329,1
2330,1
2333,1
2336,1
2337,1
2342,1
2345,1
2348,4
2350,2
2351,1
2355,1
2362,1
2363,1
2364,1
2370,3
2371,3
2372,2
2374,1
2376,4
2382,2
2384,2
2385,2
2386,1
2387,2
2388,1
2392,23
2394,1
2398,2
2410,1
2416,3
2417,1
2422,1
2426,8
2432,2
2442,2
2444,1
2448,1
2454,1
2457,1
2459,1
2460,1
2461,1
2462,2
2471,1
2473,1
2476,1
2480,1
2483,1
2484,21
2487,2
2488,2
2490,1
2492,13
2493,1
2499,3
2500,1
2501,1
2504,1
2514,1
2526,3
2529,1
2532,1
2534,1
2538,1
2540,1
2541,1
2542,1
2545,1
2546,1
2548,9
2552,1
2553,1
2557,1
2559,1
2562,1
2563,1
2569,1
2570,2
2573,1
2574,5
2576,2
2581,1
2582,1
2583,13
2588,1
2591,4
2592,60
2593,1
2604,1
2607,1
2609,1
2611,1
2619,1
2626,1
2645,1
2648,1
2658,1
2659,1
2660,1
2664,1
2676,1
2678,1
2692,12
2698,1
2704,2
2710,1
2724,1
2742,2
2748,1
2749,1
2750,1
2756,1
2759,1
2761,1
2766,1
2771,1
2773,1
2792,12
2796,1
2798,7
2801,1
2803,1
2804,1
2807,1
2817,2
2820,1
2823,1
2826,7
2834,1
2835,1
2842,1
2845,1
2848,1
2851,1
2852,1
2853,1
2882,1
2889,1
2891,2
2892,12
2898,1
2899,1
2905,1
2908,1
2911,1
2914,1
2915,1
2918,1
2921,1
2927,1
2938,1
2940,1
2942,2
2959,1
2982,1
2984,1
2989,4
2990,1
2991,3
2992,12
2997,1
2998,4
2999,1
3000,1
3002,2
3003,1
3008,1
3024,1
3026,5
3032,1
3036,2
3038,2
3039,1
3048,1
3063,1
3064,1
3068,1
3073,1
3076,1
3080,1
3086,2
3087,1
3091,1
3092,6
3094,1
3098,3
3103,1
3111,1
3126,4
3131,1
3134,1
3138,1
3142,1
3145,1
3148,1
3149,1
3153,1
3159,1
3161,1
3165,1
3167,1
3178,1
3180,1
3184,1
3197,1
3198,28
3199,2
3202,1
3206,2
3208,1
3214,1
3224,2
3225,1
3226,25
3248,1
3249,1
3251,3
3257,1
3271,2
3272,2
3276,1
3279,1
3286,1
3288,6
3292,2
3293,2
3296,2
3297,13
3301,1
3307,1
3313,1
3314,1
3316,7
3318,1
3320,1
3321,4
3325,12
3336,1
3342,1
3354,1
3368,1
3370,1
3392,4
3539,1
3542,1
3568,1
3581,2
3582,1
3583,1
3592,9
3596,1
3642,3
3648,1
3678,1
3720,1
3728,1
3732,1
3742,1
3792,2
3848,1
3955,1
3997,1
4013,1
4067,1
4087,1
4091,1
4092,8
4097,1
4153,1
4164,1
4188,1
4192,1
4204,1
4248,1
4270,1
4289,1
4292,5
4353,1
4356,1
4357,1
4390,1
4392,2
4397,1
4448,1
4459,1
4486,1
4491,1
4492,31
4521,1
4538,1
4542,1
4551,1
4558,1
4565,1
4572,1
4581,1
4582,2
4587,2
4588,1
4591,14
