distance_ticks,count
0,11462
1,5600
2,1916
3,1297
4,1011
5,990
6,837
7,610
8,536
9,565
10,590
11,404
12,465
13,464
14,454
15,466
16,423
17,278
18,287
19,274
20,203
21,240
22,182
23,134
24,143
25,160
26,123
27,117
28,116
29,103
30,107
31,107
32,100
33,79
34,95
35,116
36,151
37,218
38,303
39,334
40,307
41,369
42,405
43,383
44,310
45,218
46,130
47,100
48,89
49,83
50,85
51,75
52,64
53,68
54,68
55,69
56,84
57,96
58,102
59,111
60,101
61,154
62,169
63,132
64,129
65,111
66,103
67,121
68,105
69,100
70,73
71,56
72,35
73,35
74,40
75,28
76,29
77,28
78,22
79,26
80,24
81,19
82,22
83,20
84,22
85,17
86,32
87,21
88,21
89,22
90,29
91,23
92,26
93,23
94,19
95,12
96,18
97,13
98,40
99,66
100,105
101,115
102,48
103,39
104,43
105,51
106,41
107,54
108,33
109,20
110,19
111,24
112,16
113,16
114,17
115,15
116,19
117,15
118,11
119,12
120,13
121,17
122,14
123,20
124,12
125,7
126,8
127,9
128,10
129,7
130,10
131,9
132,9
133,10
134,4
135,5
136,7
137,5
138,9
139,9
140,8
141,5
142,5
143,6
144,6
145,4
146,5
147,5
148,6
149,8
150,6
151,3
152,8
153,9
154,10
155,9
156,9
157,5
158,8
159,6
160,5
161,8
162,3
163,5
164,8
165,10
166,6
167,11
168,12
169,13
170,8
171,12
172,14
173,17
174,29
175,30
176,30
177,41
178,30
179,65
180,70
181,104
182,220
183,422
184,662
185,431
186,196
187,127
188,76
189,78
190,42
191,40
192,31
193,19
194,15
195,7
196,9
197,8
198,8
199,9
200,10
201,8
202,10
203,16
204,19
205,37
206,69
207,95
208,222
209,314
210,361
211,325
212,208
213,108
214,84
215,68
216,38
217,11
218,6
219,8
220,8
221,2
222,6
223,6
224,3
225,3
226,4
227,3
228,6
229,5
230,4
231,3
232,5
233,3
234,5
235,7
236,7
237,3
238,6
239,8
240,5
241,12
242,9
243,8
244,5
245,4
246,7
247,4
248,5
249,5
250,7
251,4
252,13
253,10
254,6
255,19
256,24
257,17
258,10
259,11
260,35
261,28
262,76
263,101
264,40
265,58
266,49
267,46
268,32
269,66
270,54
271,365
272,557
273,159
274,230
275,295
276,489
277,413
278,424
279,367
280,451
281,285
282,315
283,199
284,70
285,53
286,85
287,842
288,56
289,74
290,79
291,109
292,91
293,79
294,56
295,31
296,53
297,53
298,50
299,33
300,186
301,37
302,32
303,646
304,10
305,22
306,36
307,19
308,11
309,6
310,6
311,15
312,7
313,6
314,4
315,3
316,4
317,9
318,9
319,7
320,2
321,5
323,3
324,4
325,2
326,4
327,3
328,1
329,4
330,4
331,3
332,5
333,4
334,4
335,2
337,4
338,3
339,6
340,2
341,3
342,1
343,3
344,4
347,1
349,3
350,1
351,2
352,2
353,2
354,1
355,7
356,1
357,2
358,4
359,2
360,4
361,2
362,1
363,2
366,2
367,1
368,2
369,1
370,3
372,3
373,1
374,1
377,1
378,1
379,1
380,2
381,1
383,1
384,3
387,1
388,3
389,1
393,1
394,1
396,1
397,1
398,1
399,1
400,1
401,1
402,2
403,2
404,2
406,4
407,2
408,2
411,1
412,1
413,2
415,2
416,1
418,1
420,2
422,4
423,2
424,3
425,2
427,1
428,1
429,2
432,1
436,2
439,3
440,2
443,1
448,1
453,1
457,1
458,1
459,1
462,2
464,1
466,2
467,1
470,1
471,1
472,1
474,1
475,2
476,1
477,2
479,1
482,1
484,2
486,2
487,1
488,3
489,4
491,1
495,1
497,2
498,3
499,3
500,1
503,2
505,1
506,4
508,1
510,3
512,3
514,4
516,1
519,1
520,1
521,1
524,3
526,1
527,1
529,2
530,2
531,1
532,5
534,3
535,2
536,1
537,4
538,1
539,1
540,2
541,6
542,3
543,4
545,2
546,1
547,2
548,1
549,2
550,1
551,2
552,1
553,2
555,1
556,1
557,2
558,4
559,3
560,1
561,2
563,3
564,1
567,4
569,1
570,2
571,1
572,1
573,1
576,2
577,2
578,1
579,2
580,1
581,1
583,1
585,1
586,1
589,2
591,1
592,1
594,1
595,2
597,2
599,2
600,1
601,1
603,4
607,2
608,1
609,1
610,1
611,1
613,2
614,3
615,1
616,3
617,1
618,3
619,3
620,2
621,3
623,2
624,3
625,1
626,1
627,2
628,1
629,1
630,1
631,1
632,3
633,4
634,2
635,4
637,1
638,2
639,5
640,8
641,1
642,2
643,1
644,1
646,1
647,5
648,2
649,2
652,3
654,1
659,1
660,3
662,1
663,1
665,2
666,1
667,1
670,1
671,1
673,4
674,5
675,3
676,6
677,3
678,5
679,5
680,7
681,19
682,6
683,10
684,9
685,22
686,19
687,22
688,33
689,60
690,107
691,155
692,198
693,272
694,360
695,338
696,337
697,216
698,209
699,184
700,175
701,103
702,129
703,114
704,75
705,59
706,53
707,46
708,57
709,27
710,32
711,25
712,26
713,28
714,15
715,9
716,9
717,8
718,7
719,6
720,5
721,1
722,3
723,2
724,2
725,1
726,2
729,1
730,2
731,4
732,1
734,1
736,1
737,2
738,1
739,2
740,1
741,1
743,2
744,2
746,1
747,1
748,2
750,2
751,1
753,2
754,1
755,1
757,1
762,1
763,1
764,2
767,1
768,1
769,2
770,2
772,4
776,1
777,1
782,3
783,1
785,1
786,1
788,1
789,1
790,1
791,3
792,3
793,2
795,2
796,1
797,3
798,3
804,1
807,2
808,1
809,1
813,1
814,3
817,1
818,1
820,1
821,2
824,3
825,1
826,1
827,1
840,2
842,2
846,1
847,1
849,1
853,1
860,1
862,2
865,1
869,1
870,1
880,1
884,1
885,1
886,1
888,3
891,2
905,2
906,2
907,1
908,1
917,1
919,1
921,1
930,1
935,1
942,1
946,2
952,1
958,1
979,1
982,4
984,1
991,1
994,1
995,1
1003,1
1013,1
1014,1
1020,1
1021,1
1025,1
1027,1
1029,1
1033,1
1036,1
1037,1
1038,1
1039,2
1040,1
1041,1
1045,2
1046,1
1047,1
1048,2
1050,1
1051,1
1052,1
1054,1
1060,1
1062,1
1063,2
1064,3
1065,1
1066,2
1067,2
1068,3
1069,2
1070,1
1072,1
1073,2
1074,2
1075,1
1076,3
1078,2
1079,2
1080,3
1081,1
1082,3
1083,2
1084,2
1085,2
1086,1
1087,2
1088,1
1090,1
1094,2
1097,1
1098,2
1099,4
1101,4
1102,2
1103,1
1104,1
1105,1
1106,1
1108,3
1113,1
1115,1
1116,1
1119,1
1120,2
1122,2
1123,1
1128,1
1130,3
1133,1
1135,1
1137,1
1139,3
1141,2
1142,2
1144,1
1146,1
1147,1
1148,2
1152,1
1155,1
1156,2
1158,4
1161,1
1164,3
1166,1
1168,3
1173,3
1184,1
1188,3
1189,1
1196,1
1201,2
1203,1
1210,3
1214,1
1225,3
1230,3
1234,3
1238,1
1242,3
1253,1
1261,1
1279,1
1280,1
1283,1
1308,3
1347,1
1367,1
1368,1
1378,2
1404,1
1413,1
1425,1
1431,1
1436,3
1439,3
1453,1
1454,1
1458,1
1459,1
1463,1
1471,1
1483,1
1488,1
1498,1
1508,1
1554,3
1626,1
1627,1
1630,1
1635,3
1650,1
1652,3
1662,1
1694,1
1721,2
1748,1
1754,1
1798,1
1800,26
1837,3
1839,2
1840,2
1843,3
1845,1
1854,1
1858,2
1861,1
1862,1
1863,1
1866,1
1867,1
1869,1
1870,2
1878,1
1882,1
1888,1
1889,1
1947,5
1973,4
2045,1
2085,1
2110,1
2114,1
2146,6
2209,1
2280,1
2309,1
2311,2
2448,1
2459,1
2460,1
2462,1
2480,1
2486,3
2490,2
2511,3
2530,2
2540,1
2561,26
2567,3
2570,3
2602,3
2626,1
2637,1
2654,1
2657,3
2679,26
2690,1
2698,27
2714,3
2724,26
2728,6
2736,20
2737,1
2739,1
2763,1
2768,26
2795,26
2796,1
2806,1
2888,6
2894,1
2927,2
3022,1
3023,1
3114,3
3154,6
3163,1
3330,1
4222,1
9993851,1
9993950,1
