quantity,count
1,545
2,185
3,97
4,79
5,223
6,45
7,33
8,28
9,25
10,420
11,29
12,25
13,18
14,27
15,92
16,31
17,11
18,20
19,22
20,183
21,7
22,52
23,47
24,19
25,174
26,15
27,19
28,42
29,21
30,93
31,34
32,27
33,20
34,34
35,52
36,19
37,35
38,16
39,14
40,69
41,16
42,20
43,36
44,27
45,31
46,13
47,8
48,7
49,7
50,361
51,7
52,9
53,3
54,15
55,17
56,8
57,6
58,10
59,10
60,59
61,6
62,4
63,17
64,8
65,16
66,14
67,3
68,3
69,3
70,18
71,9
72,10
73,16
74,18
75,67
76,18
77,27
78,5
79,4
80,35
81,9
82,5
83,8
84,3
85,14
87,9
88,4
89,7
90,16
91,10
92,12
93,3
94,8
95,5
96,7
97,36
98,12
99,16
100,28469
101,6
102,2
103,1
105,12
106,3
107,12
108,4
109,1
110,18
112,3
113,2
114,1
115,11
116,1
117,3
118,1
119,3
120,27
121,2
122,7
123,4
124,1
125,16
126,8
127,1
128,1
129,1
130,7
131,3
134,7
135,6
136,2
137,2
138,4
139,3
140,8
141,4
142,2
143,13
144,36
145,7
146,8
147,10
148,23
149,12
150,177
151,25
152,23
153,24
154,20
155,38
156,37
157,9
158,14
159,16
160,8
161,6
162,14
163,11
164,1
165,13
167,3
168,25
169,30
170,42
171,27
172,4
173,6
174,12
175,35
176,19
177,37
178,1
179,4
180,12
181,2
182,9
183,12
184,17
185,12
186,13
187,17
188,8
189,28
190,29
191,13
192,21
193,5
194,16
195,27
196,38
197,33
198,23
199,18
200,11078
201,9
202,38
203,31
204,19
205,8
206,1
207,20
208,20
209,15
210,27
212,29
213,17
214,16
215,18
216,3
217,33
218,42
219,9
220,28
221,6
222,7
223,5
224,23
225,33
226,9
227,10
228,29
229,17
230,14
232,14
233,36
234,25
235,28
236,11
237,2
238,1
239,10
240,55
241,24
242,5
243,10
244,22
245,5
246,5
247,13
248,11
249,15
250,190
251,14
252,1
253,10
254,1
255,22
256,2
257,27
259,2
260,27
261,3
262,16
264,3
265,14
266,1
267,15
268,9
269,6
270,16
271,10
272,1
273,4
274,2
275,11
276,4
277,1
278,18
279,3
280,9
281,3
282,1
283,15
285,2
287,20
288,3
289,3
290,1
292,15
294,1
295,11
296,4
297,1
298,3
299,3
300,2026
302,1
305,2
307,5
310,3
312,9
314,7
315,2
316,7
318,12
319,4
320,17
321,5
322,2
324,1
325,3
326,2
327,12
328,3
329,8
330,34
331,10
333,2
334,1
335,6
336,4
338,4
340,14
341,1
343,17
344,2
345,3
347,6
349,3
350,44
351,2
352,5
353,1
354,2
355,2
356,1
357,8
359,5
360,13
361,4
362,7
364,7
365,14
366,8
368,2
370,13
371,6
372,8
374,4
375,4
376,13
377,2
378,1
380,5
381,13
383,1
384,2
385,1
386,9
387,6
389,14
390,8
391,1
392,8
394,1
395,5
396,4
398,11
399,11
400,996
401,2
402,1
403,2
404,3
405,2
407,1
410,16
411,10
412,8
413,3
415,9
416,1
418,3
419,9
420,11
421,2
422,1
424,4
425,2
426,3
427,13
428,2
429,2
430,8
432,1
435,2
436,1
437,1
439,4
440,11
441,5
442,5
444,4
446,1
448,2
450,34
451,1
453,2
454,5
455,4
456,1
457,2
458,11
460,15
462,2
464,2
465,5
467,1
469,1
470,16
471,2
472,2
473,2
474,6
475,34
479,15
480,7
481,1
483,1
486,5
488,4
490,15
491,1
492,15
493,5
494,1
495,1
497,1
499,1
500,1373
503,1
505,1
508,1
510,16
514,1
515,1
516,3
518,2
519,1
520,1
525,2
528,2
536,1
539,1
540,2
547,1
548,1
550,12
551,1
552,3
553,1
554,1
555,14
557,1
559,2
560,3
564,1
565,5
567,3
568,1
570,12
571,1
575,1
577,1
580,4
584,1
587,1
588,19
590,5
592,1
593,1
594,1
599,1
600,1514
601,1
602,2
607,1
609,1
610,2
611,1
612,1
615,1
616,1
618,1
619,1
620,7
625,4
627,3
630,1
632,1
635,1
637,1
639,4
640,9
644,1
645,2
647,2
649,1
650,14
651,1
652,2
653,12
660,3
663,2
664,1
666,4
668,1
669,1
670,3
676,1
678,1
680,3
684,1
686,2
687,1
689,2
692,3
693,1
695,5
697,1
699,1
700,424
703,3
710,3
711,2
712,9
714,1
720,1
722,1
724,1
725,5
726,2
729,1
730,2
731,1
739,5
740,1
745,1
747,1
750,14
752,1
758,15
760,4
765,2
767,1
770,2
771,1
775,1
776,2
777,3
778,1
780,2
781,1
782,1
786,1
791,1
792,1
795,2
797,1
800,362
805,1
808,2
810,1
812,1
820,2
821,1
825,1
830,1
831,2
834,1
837,1
840,6
843,1
846,1
848,7
849,2
850,8
860,1
864,1
865,1
867,1
869,1
870,5
871,1
877,1
880,1
882,5
885,1
887,1
888,1
890,6
899,1
900,225
903,1
909,2
910,4
912,1
923,1
925,1
929,1
930,2
935,1
936,1
937,3
940,4
943,3
948,1
949,1
950,6
954,1
958,1
964,1
970,5
971,2
975,1
976,1
978,1
980,3
982,2
983,1
985,2
989,1
990,2
994,2
996,1
998,2
999,1
1000,1317
1001,1
1005,1
1010,1
1013,3
1026,1
1030,3
1033,1
1037,1
1038,1
1040,2
1043,1
1045,1
1050,2
1055,2
1068,1
1070,1
1071,1
1075,1
1088,1
1092,1
1094,10
1097,1
1100,76
1105,1
1108,1
1111,1
1117,1
1120,1
1122,1
1139,1
1140,1
1149,1
1150,3
1159,2
1160,1
1166,1
1168,3
1170,1
1172,1
1175,1
1176,1
1192,1
1200,166
1207,1
1209,6
1210,1
1220,1
1222,1
1225,6
1234,1
1239,2
1246,1
1249,1
1250,7
1256,2
1270,1
1273,1
1274,2
1275,3
1288,1
1289,1
1300,96
1310,1
1325,1
1333,2
1342,1
1349,3
1350,3
1355,1
1357,1
1366,1
1373,2
1377,1
1390,1
1391,1
1395,1
1396,1
1398,1
1400,98
1401,1
1404,1
1406,1
1410,2
1423,1
1425,2
1448,1
1450,2
1460,3
1466,7
1470,1
1500,408
1524,1
1525,1
1540,1
1562,1
1567,1
1573,1
1575,1
1586,1
1587,1
1591,1
1598,1
1600,74
1630,1
1631,1
1637,2
1638,2
1640,1
1645,1
1651,4
1656,1
1660,3
1666,2
1668,1
1670,4
1687,1
1692,1
1700,270
1715,1
1749,3
1750,5
1760,1
1786,1
1800,339
1849,2
1870,1
1875,1
1879,4
1888,1
1889,1
1894,1
1900,293
1902,6
1912,1
1920,1
1938,1
1949,1
1950,3
1956,2
1970,1
1977,1
1979,1
1989,1
1990,1
1991,1
1998,1
2000,638
2001,1
2050,1
2060,1
2083,1
2094,1
2100,252
2120,2
2156,2
2187,1
2200,260
2224,1
2228,1
2234,1
2250,2
2287,1
2300,306
2350,2
2357,1
2366,2
2380,2
2400,320
2449,1
2470,1
2499,2
2500,421
2558,1
2559,1
2578,1
2600,272
2633,1
2668,1
2700,254
2750,1
2765,2
2766,3
2792,1
2800,26
2845,1
2847,1
2861,1
2900,5
2917,1
2920,1
2932,1
2938,2
2947,1
2990,1
2994,1
2997,1
3000,189
3076,1
3080,1
3100,13
3150,2
3200,21
3250,1
3260,1
3300,7
3332,1
3333,1
3394,1
3400,2
3410,1
3415,2
3494,1
3500,17
3529,1
3580,2
3600,7
3630,1
3698,1
3700,9
3713,1
3744,1
3781,2
3800,14
3893,1
3900,36
3996,1
4000,75
4024,1
4100,32
4148,1
4200,29
4280,2
4300,34
4400,23
4404,1
4412,1
4500,38
4557,1
4580,1
4600,34
4675,1
4700,127
4713,1
4725,1
4741,1
4800,37
4900,19
5000,156
5236,1
5275,1
5300,1
5325,1
5370,1
5395,1
5433,2
5500,4
5600,7
5620,1
5700,2
5790,1
5800,1
5830,1
5900,5
6000,11
6100,1
6185,1
6500,2
6536,1
6600,1
6700,2
6752,1
7000,7
7200,4
7255,1
7300,30
7407,1
7500,4
7900,1
8000,16
8045,1
8100,4
8200,2
8290,1
8340,1
8400,1
8500,17
8600,2
8800,1
9000,10
9260,1
9500,4
9579,1
9600,1
9800,1
9901,1
10000,35
10097,1
10850,1
10900,7
11900,1
12000,1
12061,1
12500,1
12700,1
13000,5
13500,1
14300,1
14775,1
15000,13
16000,7
16020,1
16100,1
16350,1
16970,1
18400,1
20000,9
23562,1
25000,2
25007,1
28000,1
28600,1
30000,1
36800,1
50000,1
100000,1
196001,1
