distance_ticks,count
0,21401
1,1612
2,897
3,882
4,646
5,704
6,653
7,562
8,617
9,324
10,375
11,349
12,267
13,302
14,250
15,321
16,151
17,119
18,163
19,112
20,91
21,104
22,88
23,76
24,83
25,86
26,65
27,54
28,46
29,58
30,55
31,39
32,32
33,42
34,44
35,88
36,104
37,135
38,106
39,112
40,117
41,103
42,135
43,136
44,99
45,79
46,71
47,84
48,50
49,61
50,66
51,33
52,47
53,51
54,29
55,57
56,38
57,43
58,40
59,44
60,57
61,44
62,66
63,90
64,122
65,155
66,166
67,174
68,174
69,209
70,223
71,241
72,256
73,270
74,230
75,234
76,377
77,287
78,110
79,64
80,61
81,81
82,89
83,72
84,89
85,65
86,72
87,108
88,191
89,135
90,82
91,76
92,76
93,63
94,45
95,41
96,39
97,32
98,29
99,35
100,44
101,40
102,34
103,28
104,34
105,24
106,29
107,31
108,21
109,14
110,15
111,24
112,40
113,45
114,34
115,25
116,16
117,12
118,7
119,21
120,36
121,28
122,27
123,12
124,8
125,10
126,9
127,10
128,7
129,13
130,6
131,5
132,4
133,5
134,5
135,6
136,6
137,2
138,5
139,6
140,5
141,6
142,7
143,2
144,5
146,3
147,3
148,5
149,5
150,6
151,4
152,2
153,4
154,2
155,1
156,1
157,2
158,3
159,3
160,3
161,2
162,1
163,4
164,1
165,1
166,2
167,3
168,6
169,5
170,3
171,2
172,4
173,3
174,3
175,1
176,2
177,2
178,4
180,1
182,3
184,1
185,2
187,1
188,1
189,4
190,4
191,1
192,1
193,1
194,2
196,2
198,2
199,3
200,1
203,1
205,2
207,1
209,1
211,1
213,1
214,1
215,1
216,1
221,1
224,2
225,2
229,2
230,1
231,1
233,1
237,2
238,1
242,1
244,1
247,1
248,2
249,1
250,1
252,2
253,2
254,2
255,1
256,1
257,1
258,2
259,1
261,1
262,1
263,1
264,2
265,1
267,1
268,1
271,1
273,2
275,4
276,2
277,1
278,1
279,4
280,4
281,3
282,4
283,7
284,11
285,7
286,8
287,10
288,6
289,4
290,6
291,10
292,13
293,20
294,16
295,7
296,23
297,6
298,14
299,20
300,23
301,22
302,24
303,16
304,24
305,18
306,27
307,22
308,27
309,30
310,33
311,35
312,52
313,51
314,77
315,92
316,127
317,204
318,217
319,241
320,316
321,315
322,253
323,170
324,101
325,116
326,61
327,86
328,72
329,78
330,114
331,95
332,52
333,58
334,59
335,39
336,33
337,25
338,41
339,92
340,293
341,409
342,205
343,116
344,57
345,66
346,51
347,45
348,41
349,25
350,11
351,17
352,15
353,13
354,20
355,17
356,18
357,29
358,15
359,20
360,18
361,14
362,10
363,19
364,23
365,28
366,47
367,52
368,45
369,74
370,117
371,193
372,183
373,95
374,117
375,140
376,156
377,159
378,157
379,238
380,199
381,147
382,114
383,90
384,71
385,34
386,21
387,17
388,5
389,7
390,4
391,4
392,1
394,1
395,3
396,1
397,2
399,2
400,1
403,1
405,1
406,1
408,1
409,2
411,1
412,1
413,1
414,1
415,1
420,1
422,1
424,2
425,2
426,2
428,1
429,1
430,2
431,1
432,2
433,2
434,2
436,1
439,2
440,1
450,1
453,1
454,1
456,1
458,1
464,1
471,1
472,3
476,1
477,2
480,1
484,1
487,1
488,3
492,1
494,2
497,1
498,1
500,1
501,1
502,2
504,1
514,1
517,1
527,1
533,1
539,1
543,1
544,2
548,1
550,1
551,1
556,1
560,1
561,1
562,1
570,1
571,1
572,1
581,3
583,2
588,1
593,1
599,1
600,1
601,1
602,1
607,1
611,1
619,1
631,1
639,1
655,1
656,1
675,1
689,1
690,1
691,1
695,1
700,2
711,2
720,1
725,1
727,3
728,1
732,1
737,2
738,1
740,5
741,1
744,3
745,1
746,2
748,1
753,3
756,5
757,3
758,2
761,1
764,1
766,3
771,1
772,2
788,2
803,2
805,1
807,1
808,1
810,1
811,1
812,3
814,2
819,1
823,2
824,1
844,3
852,2
854,1
857,5
863,2
864,1
866,2
867,2
869,2
872,1
873,3
878,1
883,2
885,1
895,1
900,2
911,1
920,1
938,1
939,1
953,2
954,1
956,1
966,1
976,1
977,2
979,2
983,1
988,1
990,1
992,2
994,1
997,1
999,2
1000,5
1002,2
1003,4
1004,4
1005,5
1006,6
1007,8
1008,9
1009,6
1010,12
1011,7
1012,6
1013,11
1014,18
1015,55
1016,54
1017,44
1018,38
1019,36
1020,70
1021,76
1022,91
1023,115
1024,171
1025,161
1026,80
1027,101
1028,99
1029,178
1030,132
1031,114
1032,144
1033,122
1034,128
1035,106
1036,42
1037,30
1038,30
1039,22
1040,54
1041,15
1042,18
1043,17
1044,29
1045,26
1046,10
1047,21
1048,8
1049,12
1050,1
1051,9
1052,4
1053,2
1054,6
1055,3
1056,12
1057,2
1058,1
1059,6
1061,1
1065,3
1069,1
1070,1
1073,2
1075,2
1076,1
1077,1
1079,1
1081,2
1083,4
1085,1
1086,1
1087,1
1089,1
1090,1
1100,1
1105,2
1111,1
1124,1
1126,1
1142,1
1144,1
1153,3
1160,3
1173,1
1175,1
1214,3
1219,1
1221,1
1222,3
1244,1
1247,3
1254,1
1256,2
1273,1
1275,1
1277,1
1324,1
1344,1
1349,1
1356,3
1372,1
1382,1
1398,1
1400,2
1430,1
1431,1
1435,1
1472,1
1480,1
1484,1
1504,1
1512,1
1518,1
1541,1
1542,1
1565,1
1583,1
1613,1
1619,1
1621,1
1627,1
1701,3
1752,1
1769,1
1841,1
1857,1
1943,1
2182,1
2205,1
2266,4
2267,5
2268,7
2269,2
2270,2
2271,1
2272,5
2279,2
2280,1
2315,1
2344,1
2410,1
2457,1
2587,1
2600,1
2644,2
2650,2
2659,3
2671,2
2676,1
2686,2
2700,3
2721,1
2726,1
2739,1
2740,2
2742,5
2743,4
2746,1
2747,1
2795,2
2801,1
2805,1
2830,3
2856,1
2876,3
2885,1
2887,1
2891,1
2900,1
2917,1
2943,8
2947,3
2969,3
2971,2
2973,25
2975,7
2983,8
2999,1
3003,2
3004,23
3008,25
3011,8
3014,1
3025,23
3037,8
3044,10
3050,25
3052,6
3072,23
3092,2
3106,31
3110,23
3114,1
3115,2
3124,1
3135,8
3148,2
3191,1
3196,1
3199,31
3212,1
3224,1
3234,1
3236,31
3240,1
3287,1
3292,1
3300,23
3307,2
3315,6
3316,11
3320,31
3378,9
3387,2
3427,1
3439,7
3453,1
3485,2
3486,3
3489,30
3773,2
3779,22
3787,8
3789,2
3824,2
3828,1
3876,22
4339,2
4344,1
4677,1
7437,1
