distance_ticks,count
0,15553
1,1380
2,505
3,465
4,405
5,364
6,266
7,187
8,224
9,140
10,267
11,157
12,183
13,175
14,164
15,428
16,98
17,97
18,106
19,98
20,117
21,66
22,74
23,84
24,93
25,75
26,54
27,57
28,67
29,81
30,101
31,65
32,38
33,57
34,66
35,68
36,122
37,155
38,167
39,78
40,79
41,75
42,75
43,84
44,85
45,77
46,68
47,62
48,55
49,49
50,61
51,73
52,78
53,70
54,32
55,22
56,17
57,27
58,21
59,33
60,31
61,38
62,43
63,45
64,60
65,56
66,32
67,35
68,34
69,37
70,28
71,37
72,34
73,41
74,40
75,48
76,46
77,54
78,65
79,87
80,124
81,132
82,150
83,148
84,132
85,155
86,138
87,150
88,166
89,224
90,323
91,461
92,338
93,211
94,140
95,96
96,75
97,54
98,56
99,43
100,76
101,142
102,139
103,71
104,48
105,44
106,34
107,22
108,25
109,20
110,8
111,13
112,18
113,29
114,28
115,23
116,28
117,10
118,13
119,15
120,17
121,11
122,10
123,14
124,20
125,9
126,21
127,23
128,19
129,21
130,26
131,19
132,29
133,18
134,28
135,33
136,37
137,40
138,28
139,56
140,32
141,34
142,29
143,16
144,10
145,11
146,16
147,10
148,5
149,6
150,3
151,8
152,11
153,15
154,26
155,34
156,20
157,15
158,10
159,1
160,6
161,2
162,3
163,1
164,7
165,4
166,5
167,2
168,1
169,3
170,5
171,26
172,9
173,2
174,2
175,2
176,4
177,4
178,1
179,4
180,2
181,3
182,4
183,2
184,6
185,8
186,5
187,5
188,3
189,8
190,5
191,6
192,8
193,7
194,5
197,8
198,3
199,1
200,3
201,1
202,3
203,2
204,5
205,4
206,4
207,2
208,1
209,4
211,1
212,2
213,1
214,2
215,2
216,3
217,2
218,2
219,8
220,3
221,1
222,8
223,1
224,2
225,4
226,2
227,2
228,8
229,5
230,6
231,10
232,6
233,3
234,4
235,1
236,4
237,12
238,8
239,12
240,14
241,23
242,17
243,31
244,44
245,32
246,41
247,43
248,26
249,28
250,12
251,11
252,21
253,13
254,7
255,3
256,6
257,2
258,5
259,3
260,2
261,3
262,1
263,1
264,4
265,7
266,3
267,5
269,3
270,2
271,3
272,1
273,2
274,1
275,1
276,1
277,3
278,2
279,1
280,2
281,3
282,3
283,4
287,5
288,4
289,4
290,5
291,4
292,1
293,2
294,2
295,3
296,3
297,5
298,11
299,9
300,11
301,11
302,18
303,19
304,30
305,23
306,22
307,24
308,38
309,27
310,27
311,29
312,34
313,41
314,36
315,36
316,33
317,36
318,29
319,28
320,36
321,22
322,28
323,25
324,48
325,110
326,149
327,128
328,93
329,27
330,38
331,48
332,42
333,32
334,21
335,9
336,16
337,8
338,7
339,14
340,6
341,9
342,5
343,6
344,6
345,4
346,10
347,9
348,7
349,8
350,8
351,5
352,4
353,4
354,6
355,11
356,12
357,7
358,5
359,10
360,11
361,12
362,9
363,13
364,8
365,7
366,11
367,12
368,9
369,14
370,16
371,19
372,9
373,13
374,26
375,14
376,22
377,36
378,106
379,193
380,177
381,226
382,292
383,230
384,166
385,90
386,76
387,58
388,60
389,78
390,169
391,111
392,84
393,69
394,80
395,76
396,62
397,32
398,43
399,18
400,19
401,12
402,19
403,16
404,8
405,8
406,5
407,11
408,6
409,8
410,5
411,4
412,3
413,5
414,6
415,2
416,7
417,1
418,6
419,4
420,4
421,5
422,5
423,4
424,1
425,1
426,3
427,1
428,4
429,1
430,3
431,3
432,3
433,3
434,2
435,1
436,3
437,1
438,2
439,3
440,3
441,4
442,3
443,3
444,1
446,3
447,2
448,1
449,1
450,3
451,4
452,2
453,2
454,1
455,1
457,2
459,1
461,2
462,4
463,6
464,2
465,2
466,1
467,1
468,2
469,1
472,2
473,3
474,3
475,3
476,1
477,1
479,1
480,2
481,1
483,1
484,4
487,1
489,2
490,4
491,4
492,1
493,3
494,3
495,2
496,2
497,2
501,1
502,1
503,1
505,2
507,1
508,3
509,4
510,2
511,6
512,1
513,2
514,2
515,6
516,5
517,6
518,6
519,7
520,4
521,2
522,2
523,5
524,1
525,8
526,6
527,1
528,1
529,2
530,5
531,5
532,6
533,4
534,2
535,4
536,1
537,5
538,6
539,10
540,8
541,11
542,10
543,9
544,12
545,9
546,17
547,66
548,44
549,55
550,33
551,47
552,59
553,60
554,65
555,62
556,55
557,42
558,29
559,30
560,32
561,17
562,16
563,10
564,16
565,9
566,19
567,12
568,17
569,17
570,5
571,11
572,10
573,4
574,5
575,3
576,6
577,6
578,4
579,2
580,4
581,9
582,6
583,5
584,10
585,3
586,1
587,1
589,6
590,4
591,5
592,2
594,1
595,2
598,1
599,1
600,4
601,6
602,1
603,2
604,2
605,1
606,3
607,3
609,6
611,2
612,1
614,1
615,2
618,1
619,5
620,4
621,2
623,1
626,1
629,1
631,2
632,1
633,6
634,4
635,2
636,1
637,1
639,1
641,3
642,3
643,1
645,2
646,1
648,2
650,2
651,5
652,2
654,2
657,1
658,2
659,1
663,3
664,3
665,1
667,1
669,2
673,1
674,1
680,2
681,2
682,5
683,3
685,1
693,1
697,1
699,1
700,3
701,1
703,1
706,2
708,1
711,1
713,1
716,2
717,1
718,1
719,1
723,1
725,2
728,3
729,1
731,3
732,2
735,1
736,2
737,1
738,2
742,1
743,1
744,1
745,2
746,1
749,3
750,4
754,3
755,3
756,5
758,1
759,2
760,1
762,1
763,1
764,4
766,2
767,2
769,2
775,1
776,1
781,2
782,1
783,2
785,3
786,3
794,1
797,1
798,2
803,1
811,1
812,3
813,2
820,2
821,1
825,1
827,1
831,1
832,1
835,3
836,1
837,1
841,5
842,8
851,1
853,1
855,1
857,1
858,4
859,1
862,1
864,1
867,1
868,1
869,3
870,1
875,3
876,1
882,1
884,3
885,3
886,1
887,3
888,1
890,3
891,1
892,1
897,1
898,1
899,2
900,2
901,1
902,5
904,1
905,2
906,2
908,2
909,1
911,5
912,3
913,3
915,1
916,1
917,1
919,1
921,1
922,2
923,1
927,1
929,1
933,1
939,5
940,4
941,1
951,3
953,2
957,1
958,1
959,1
960,2
961,4
962,7
965,1
966,1
971,1
973,1
976,1
979,1
981,1
982,2
988,1
999,3
1002,2
1003,3
1004,1
1005,1
1008,1
1009,3
1010,1
1020,1
1023,1
1024,1
1025,2
1026,3
1027,3
1033,1
1041,1
1050,3
1060,1
1062,1
1065,1
1074,2
1078,2
1079,3
1080,3
1081,9
1082,4
1083,4
1085,1
1086,1
1087,3
1088,2
1089,1
1090,1
1091,1
1093,1
1094,4
1095,4
1096,2
1097,3
1098,1
1100,3
1102,1
1104,2
1105,3
1106,3
1107,3
1108,2
1109,1
1111,3
1112,1
1114,3
1115,1
1116,1
1118,3
1119,3
1120,2
1121,1
1122,1
1123,3
1124,3
1125,1
1126,6
1127,9
1128,14
1129,4
1130,5
1132,6
1133,2
1134,3
1135,5
1136,3
1137,4
1138,2
1139,3
1140,3
1141,3
1142,1
1143,9
1144,5
1145,7
1146,3
1147,4
1148,2
1149,3
1150,7
1151,4
1152,8
1153,2
1154,4
1155,4
1156,4
1157,5
1158,11
1159,25
1160,16
1161,23
1162,17
1163,9
1164,27
1165,38
1166,25
1167,50
1168,50
1169,74
1170,75
1171,103
1172,107
1173,113
1174,74
1175,119
1176,203
1177,223
1178,229
1179,198
1180,210
1181,216
1182,210
1183,238
1184,164
1185,148
1186,90
1187,44
1188,70
1189,52
1190,28
1191,38
1192,23
1193,15
1194,37
1195,24
1196,17
1197,20
1198,6
1199,13
1200,8
1201,18
1202,29
1203,15
1204,21
1205,18
1206,15
1207,34
1208,31
1209,10
1210,13
1211,14
1212,8
1213,16
1214,10
1215,6
1216,6
1217,4
1218,3
1219,4
1220,8
1221,2
1223,1
1224,3
1225,2
1226,2
1229,2
1230,2
1231,1
1232,4
1233,2
1234,3
1235,3
1236,2
1239,5
1240,2
1241,1
1243,2
1246,2
1247,3
1250,1
1251,4
1252,5
1253,11
1254,2
1257,5
1258,1
1259,2
1260,3
1261,3
1263,2
1264,2
1266,1
1270,1
1271,1
1273,3
1274,2
1277,2
1286,1
1287,2
1288,2
1293,1
1296,1
1301,1
1310,1
1314,2
1321,2
1327,1
1336,3
1354,1
1365,1
1370,1
1386,3
1389,1
1394,4
1402,1
1429,1
1442,1
1449,1
1465,1
1474,1
1478,1
1480,1
1484,4
1487,3
1512,1
1526,1
1528,1
1601,3
1602,1
1618,3
1627,1
1634,1
1638,1
1684,1
1687,1
1698,1
1720,1
1753,1
1775,1
1780,1
1785,1
1786,1
1794,3
1823,1
1826,1
1829,1
1831,1
1870,1
1940,1
1941,2
1943,1
1944,2
1965,1
2023,1
2050,1
2065,1
2114,1
2140,1
2173,1
2234,1
2274,1
2288,1
2331,1
2387,1
2389,1
2434,1
2435,2
2484,1
2502,1
2545,1
2547,1
2548,2
2550,1
2551,7
2552,2
2553,2
2570,1
2675,1
2702,3
2712,1
2731,1
2735,1
2751,3
2753,1
2824,1
2855,3
2885,1
2908,29
2969,1
2982,1
2984,1
3050,1
3053,29
3066,1
3148,1
3149,1
3150,2
3153,1
3154,1
3165,3
3173,1
3190,29
3207,3
3218,3
3266,3
3294,1
3344,1
3357,3
3376,3
3419,1
3442,1
3471,1
3514,1
3518,1
3521,27
3523,1
3536,1
3547,1
3551,8
3554,15
3558,1
3560,27
3575,1
3604,27
3623,29
3642,1
3673,29
3694,1
3746,1
3750,27
3775,23
3783,1
3960,2
3965,3
3984,1
4036,14
4047,1
4127,1
4149,1
4194,6
4203,2
4251,1
4256,1
4262,1
4266,1
4269,1
4275,1
4279,2
4290,1
4295,1
4311,1
4313,1
4317,1
4320,3
4322,1
4324,1
4330,1
4334,1
4335,1
4341,1
4344,1
4358,1
4363,2
4364,1
4367,7
4371,27
4385,1
4387,1
4390,28
4394,1
4397,1
4398,1
4401,2
4402,1
4406,2
4409,1
4411,1
4413,1
4414,3
4421,1
4422,1
4425,1
4427,1
4429,1
4430,1
4432,1
4434,1
4439,2
4441,1
4448,2
4460,1
4461,1
4467,1
4468,1
4512,2
4575,3
4674,27
4701,1
4734,3
4802,1
4906,1
4908,1
4977,1
4984,1
5031,1
5072,1
5143,27
5261,1
5265,2
5292,28
5839,1
5889,1
5984,1
5989,2
6989,3
9194,1
