distance_ticks,count
0,27019
1,4102
2,2437
3,2093
4,1757
5,1692
6,1554
7,1097
8,1307
9,982
10,1482
11,1156
12,912
13,1063
14,655
15,906
16,469
17,376
18,454
19,419
20,299
21,248
22,208
23,198
24,312
25,233
26,251
27,204
28,227
29,174
30,195
31,211
32,230
33,212
34,154
35,126
36,111
37,104
38,108
39,236
40,655
41,378
42,283
43,284
44,234
45,277
46,240
47,226
48,187
49,198
50,176
51,162
52,148
53,121
54,94
55,96
56,89
57,71
58,79
59,68
60,61
61,56
62,88
63,62
64,51
65,46
66,36
67,36
68,45
69,45
70,37
71,45
72,43
73,32
74,26
75,19
76,18
77,17
78,21
79,20
80,17
81,27
82,21
83,24
84,19
85,18
86,16
87,11
88,14
89,8
90,11
91,17
92,11
93,11
94,11
95,14
96,10
97,6
98,17
99,27
100,15
101,17
102,20
103,7
104,10
105,5
106,8
107,8
108,4
109,4
110,5
111,1
112,5
113,4
114,2
115,3
116,4
117,6
118,1
119,7
120,3
121,3
122,2
124,3
125,5
126,4
127,2
128,1
129,2
130,3
131,3
133,2
134,6
135,5
136,3
137,2
138,3
139,3
140,4
141,2
142,4
143,1
144,2
145,7
146,1
148,1
149,2
150,3
151,5
152,4
153,7
154,4
155,3
156,5
157,2
158,2
159,1
160,2
161,3
162,4
163,2
164,9
165,12
166,11
167,10
168,13
169,7
170,7
171,7
172,7
173,4
174,5
175,4
176,3
177,2
179,2
180,1
181,2
182,1
183,3
184,5
185,1
186,1
187,1
188,5
189,4
191,3
192,2
194,2
195,5
196,2
197,2
198,1
199,1
200,2
201,1
202,2
203,5
204,1
205,1
206,3
207,1
208,1
209,2
210,1
211,4
212,1
213,2
214,2
215,3
216,4
217,4
218,3
219,5
220,4
221,1
222,5
223,4
224,9
225,8
226,10
227,12
228,7
229,14
230,21
231,18
232,25
233,29
234,25
235,32
236,46
237,56
238,81
239,239
240,436
241,769
242,722
243,476
244,278
245,265
246,133
247,56
248,42
249,29
250,20
251,43
252,23
253,23
254,19
255,13
256,12
257,10
258,9
259,9
260,8
261,9
262,5
263,10
264,8
265,6
266,8
267,17
268,10
269,12
270,20
271,17
272,20
273,20
274,19
275,36
276,40
277,36
278,73
279,83
280,123
281,209
282,373
283,493
284,565
285,523
286,370
287,277
288,292
289,243
290,303
291,292
292,316
293,536
294,719
295,631
296,387
297,228
298,147
299,50
300,52
301,32
302,21
303,15
304,12
305,6
306,7
307,6
308,1
310,2
311,2
312,1
313,1
316,3
318,3
319,1
320,1
321,1
322,1
324,1
325,5
327,1
335,1
336,2
340,1
342,1
343,1
344,1
345,1
347,2
348,1
350,1
352,1
354,1
355,1
358,1
360,1
362,1
365,1
366,1
369,1
370,1
371,1
373,3
374,1
375,4
376,1
378,3
379,2
380,2
381,2
384,3
387,2
388,2
390,1
392,1
393,2
394,1
397,1
404,1
405,1
407,2
411,1
413,1
419,2
422,3
425,1
428,2
432,6
433,4
437,1
438,1
440,2
441,7
442,2
443,3
444,4
445,4
446,2
447,4
448,3
449,9
450,8
451,10
452,18
453,17
454,24
455,36
456,63
457,118
458,180
459,221
460,242
461,252
462,372
463,385
464,295
465,287
466,236
467,113
468,105
469,111
470,68
471,30
472,26
473,34
474,8
475,9
476,5
477,1
478,5
484,2
486,3
487,2
489,1
494,3
506,1
508,1
513,1
522,1
524,1
525,1
529,2
531,1
538,1
541,1
544,1
545,1
547,1
549,1
552,1
555,1
556,2
557,3
558,2
559,2
564,7
566,2
567,1
568,1
569,3
571,1
572,1
575,3
578,1
579,2
581,1
583,1
588,1
589,1
592,1
595,1
600,1
606,2
612,2
618,1
619,1
625,2
632,3
633,1
639,1
643,1
644,1
653,3
655,3
656,5
661,1
663,1
666,3
669,2
670,1
672,3
673,4
675,3
679,3
680,3
681,4
683,2
684,2
685,1
687,1
688,8
689,2
694,3
695,3
701,1
703,1
705,1
717,1
727,1
735,1
742,1
744,1
747,1
752,1
766,1
775,8
780,1
794,1
798,3
805,3
812,1
813,3
814,1
820,1
828,1
829,1
832,1
847,1
875,1
876,2
878,2
883,1
924,1
927,1
933,1
956,3
961,3
963,1
975,2
978,2
982,3
983,1
988,2
989,1
1011,1
1015,2
1033,1
1034,1
1048,1
1053,1
1055,1
1065,2
1071,1
1073,1
1075,1
1078,9
1083,5
1094,1
1105,2
1115,1
1127,1
1139,2
1140,1
1147,1
1151,1
1156,1
1173,1
1176,1
1187,1
1194,1
1207,1
1211,1
1213,7
1225,1
1226,1
1229,1
1230,1
1232,2
1233,3
1234,5
1235,1
1239,1
1242,2
1247,1
1249,1
1251,1
1254,5
1255,1
1270,1
1274,1
1275,2
1277,1
1283,1
1322,1
1324,1
1327,1
1354,1
1375,1
1389,1
1404,1
1418,2
1457,1
1475,1
1479,1
1483,1
1494,1
1527,1
1530,1
1533,3
1534,1
1555,1
1568,2
1578,1
1583,5
1606,1
1608,3
1610,1
1611,3
1612,1
1614,1
1654,2
1656,1
1675,1
1685,1
1688,5
1701,33
1705,1
1712,1
1720,5
1726,32
1743,1
1747,3
1749,6
1752,1
1754,1
1755,3
1769,23
1774,1
1775,1
1805,1
1806,1
1810,1
1847,2
1852,1
1866,1
1872,1
1874,1
1906,1
1945,1
1955,1
1963,7
1975,2
1990,2
1994,1
2025,1
2030,3
2033,1
2055,1
2075,1
2083,2
2093,1
2094,1
2103,1
2105,1
2155,1
2156,2
2175,1
2192,1
2212,37
2246,36
2247,2
2252,3
2254,2
2256,1
2259,1
2260,1
2274,27
2275,1
2305,3
2314,1
2354,1
2380,1
2395,3
2420,1
2438,1
2454,1
2456,1
2461,2
2487,1
2492,2
2497,2
2530,2
2547,7
2560,1
2577,1
2581,1
2583,2
2584,1
2592,1
2608,1
2617,24
2619,1
2628,2
2630,4
2631,4
2632,1
2638,1
2642,1
2652,11
2654,1
2655,1
2656,3
2658,1
2659,2
2660,1
2674,33
2680,2
2687,1
2688,1
2697,1
2699,1
2714,2
2718,1
2722,1
2724,18
2754,1
2756,1
2759,19
2769,33
2775,3
2781,1
2805,1
2830,1
2836,24
2863,1
2868,1
2875,1
2882,1
2892,1
2930,1
2954,1
2963,1
2968,1
2975,1
3075,1
3083,1
3111,1
3139,1
3150,1
3156,1
3190,1
3200,1
3218,1
3254,1
3275,1
3289,1
3304,1
3305,1
3327,1
3381,2
3393,1
3418,1
3425,1
3434,1
3468,1
3503,1
3525,1
3533,1
3575,1
3583,1
3622,1
3656,1
3663,1
3675,1
3747,1
3775,1
3805,1
3841,1
3847,5
3852,2
3898,1
3905,1
3945,1
3968,1
4001,1
4025,1
4082,1
4083,1
4105,1
4118,1
4152,1
4156,1
4174,1
4175,2
4201,1
4218,1
4231,1
4275,1
4281,1
4305,3
4334,1
4471,1
4504,1
4534,4
4557,1
4657,1
4675,1
4718,1
4756,1
4775,1
4780,1
4856,1
4968,1
4975,1
5108,1
5157,1
5201,2
5219,1
5258,1
5275,1
5305,2
5306,1
5351,1
5375,1
5389,1
5455,1
5459,1
5550,1
5663,1
5684,1
5754,1
5805,1
5827,1
5968,2
6005,1
6083,1
6167,1
6182,1
6218,1
6252,1
6305,3
6357,1
6401,1
6505,1
6518,1
6555,1
6559,1
6754,1
6852,1
6905,1
7257,2
7554,1
7968,1
8052,1
8190,1
8352,1
8542,1
8775,1
9575,1
